  1.6620828e+002  1.1076192e+000  7.3743673e-002  1.0000000e+000  2.0000000e+000
  1.5723113e+002  1.0210049e+000  6.8752569e-002  1.0000000e+000  5.0000000e+000
  1.6483528e+002  1.1411543e+000  5.6272847e-002  1.0000000e+000  1.0000000e+001
  5.2516812e+001  1.1506749e+000  6.3794288e-002  1.0000000e+000  1.1000000e+001
  1.5841435e+002  1.0322983e+000  6.1041303e-002  1.0000000e+000  1.3000000e+001
  1.5386269e+002  1.0755616e+000  4.8314828e-002  1.0000000e+000  1.6000000e+001
  1.6291949e+002  1.0509896e+000  6.3217312e-002  1.0000000e+000  2.1000000e+001
  1.5226073e+002  1.1233260e+000  6.6410928e-002  1.0000000e+000  2.2000000e+001
  1.5457857e+002  1.1375851e+000  6.1253080e-002  1.0000000e+000  2.3000000e+001
  1.5569752e+002  1.0471298e+000  6.1600820e-002  1.0000000e+000  2.4000000e+001
  1.5327218e+002  1.0260744e+000  6.9885914e-002  1.0000000e+000  2.5000000e+001
  1.6022567e+002  1.0863408e+000  6.0563140e-002  1.0000000e+000  3.0000000e+001
  1.4953295e+002  1.0594766e+000  6.3974283e-002  1.0000000e+000  3.2000000e+001
  1.4686445e+002  1.0787205e+000  6.6662311e-002  1.0000000e+000  3.3000000e+001
  1.5767123e+002  1.0646370e+000  7.4951350e-002  1.0000000e+000  3.4000000e+001
  1.5709801e+002  1.0376823e+000  6.8411282e-002  1.0000000e+000  3.7000000e+001
  1.5562604e+002  1.0353279e+000  5.7921171e-002  1.0000000e+000  3.8000000e+001
  1.6038064e+002  1.1184160e+000  6.4858142e-002  1.0000000e+000  4.0000000e+001
  1.5039874e+002  1.1229243e+000  6.4658042e-002  1.0000000e+000  4.1000000e+001
  1.5416568e+002  1.0419592e+000  7.9796634e-002  1.0000000e+000  4.3000000e+001
  8.2059233e+001  1.0780764e+000  5.5670945e-002  1.0000000e+000  4.8000000e+001
  1.5919507e+002  1.1172809e+000  4.4537796e-002  1.0000000e+000  4.9000000e+001
  1.5446266e+002  1.1781772e+000  6.7190680e-002  1.0000000e+000  5.0000000e+001
  1.4777430e+002  1.0313277e+000  6.2075263e-002  1.0000000e+000  5.1000000e+001
  1.5886648e+002  1.0908739e+000  5.7693688e-002  1.0000000e+000  5.2000000e+001
  1.4065373e+002  1.1395737e+000  6.3099070e-002  1.0000000e+000  5.3000000e+001
  1.5284358e+002  1.1549098e+000  5.8576708e-002  1.0000000e+000  5.4000000e+001
  1.5928812e+002  1.1824037e+000  4.6573733e-002  1.0000000e+000  5.5000000e+001
  1.4699613e+002  1.0379479e+000  6.7310294e-002  1.0000000e+000  5.7000000e+001
  1.5789869e+002  1.1335549e+000  6.4374302e-002  1.0000000e+000  5.9000000e+001
  1.5806007e+002  1.0897140e+000  5.7408898e-002  1.0000000e+000  6.0000000e+001
  1.5332047e+002  1.0659745e+000  5.3637254e-002  1.0000000e+000  6.1000000e+001
  1.5682086e+002  1.0625684e+000  5.4048344e-002  2.0000000e+000  1.0000000e+000
  1.4972168e+002  1.1174808e+000  7.0652322e-002  2.0000000e+000  2.0000000e+000
  1.5450880e+002  1.1374862e+000  5.1817681e-002  2.0000000e+000  3.0000000e+000
  1.5610552e+002  1.1122721e+000  6.2788798e-002  2.0000000e+000  5.0000000e+000
  1.5603942e+002  1.0815896e+000  5.6121824e-002  2.0000000e+000  6.0000000e+000
  1.5152867e+002  1.0583169e+000  6.6657501e-002  2.0000000e+000  7.0000000e+000
  1.5186967e+002  1.0672573e+000  6.4109145e-002  2.0000000e+000  8.0000000e+000
  1.5286734e+002  1.0532296e+000  7.4546371e-002  2.0000000e+000  9.0000000e+000
  1.6267296e+002  1.1133178e+000  6.3526500e-002  2.0000000e+000  1.1000000e+001
  1.5891218e+002  1.0719894e+000  5.3626004e-002  2.0000000e+000  1.2000000e+001
  5.3615006e+001  1.1449511e+000  6.7108108e-002  2.0000000e+000  1.3000000e+001
  1.5361973e+002  1.0522977e+000  5.6481331e-002  2.0000000e+000  1.5000000e+001
  1.5601023e+002  1.1200933e+000  4.5843854e-002  2.0000000e+000  1.7000000e+001
  1.5548374e+002  1.1305373e+000  7.4002302e-002  2.0000000e+000  2.0000000e+001
  1.5637383e+002  1.0308329e+000  5.4968537e-002  2.0000000e+000  2.1000000e+001
  1.5122080e+002  1.1008629e+000  6.8288722e-002  2.0000000e+000  2.2000000e+001
  1.5554943e+002  1.0941641e+000  6.5239923e-002  2.0000000e+000  2.4000000e+001
  1.5480177e+002  1.0310333e+000  5.0702238e-002  2.0000000e+000  2.5000000e+001
  1.5680046e+002  1.1680903e+000  7.1881343e-002  2.0000000e+000  2.7000000e+001
  1.5902869e+002  1.1064471e+000  6.3895091e-002  2.0000000e+000  2.8000000e+001
  1.5658181e+002  1.0647319e+000  5.9062060e-002  2.0000000e+000  2.9000000e+001
  7.1183171e+001  1.1918143e+000  4.1379414e-002  2.0000000e+000  3.0000000e+001
  1.5647311e+002  1.2536219e+000  5.2966708e-002  2.0000000e+000  3.2000000e+001
  1.6000777e+002  1.0446937e+000  7.7787818e-002  2.0000000e+000  3.3000000e+001
  1.5433056e+002  1.1060788e+000  6.6377876e-002  2.0000000e+000  3.7000000e+001
  1.5638538e+002  1.1137490e+000  7.6040818e-002  2.0000000e+000  3.8000000e+001
  1.5812274e+002  1.1092819e+000  6.1098911e-002  2.0000000e+000  3.9000000e+001
  1.5287356e+002  1.0831380e+000  5.3402767e-002  2.0000000e+000  4.1000000e+001
  1.6041874e+002  1.1843171e+000  6.5064835e-002  2.0000000e+000  4.5000000e+001
  1.5705930e+002  1.1133882e+000  6.4213841e-002  2.0000000e+000  4.8000000e+001
  1.5220106e+002  1.0710850e+000  7.2842303e-002  2.0000000e+000  5.0000000e+001
  1.4971113e+002  1.0294010e+000  6.5669138e-002  2.0000000e+000  5.1000000e+001
  1.5803215e+002  1.0763979e+000  5.3819998e-002  2.0000000e+000  5.2000000e+001
  1.6014908e+002  1.2460534e+000  6.0533372e-002  2.0000000e+000  5.4000000e+001
  1.6447721e+002  1.1723468e+000  5.5442299e-002  2.0000000e+000  5.8000000e+001
  1.6342993e+002  1.0554287e+000  7.0810914e-002  2.0000000e+000  6.2000000e+001
  1.5271355e+002  1.0734964e+000  6.1387005e-002  2.0000000e+000  6.7000000e+001
  1.6041958e+002  1.1007506e+000  7.0009017e-002  2.0000000e+000  6.8000000e+001
  1.4949225e+002  1.0477738e+000  5.3490120e-002  3.0000000e+000  1.0000000e+000
  1.5407547e+002  1.0694842e+000  6.3337951e-002  3.0000000e+000  2.0000000e+000
  1.5811731e+002  1.0728152e+000  7.3457437e-002  3.0000000e+000  5.0000000e+000
  1.5486667e+002  1.1866752e+000  6.7813818e-002  3.0000000e+000  1.0000000e+001
  1.5942618e+002  1.1789156e+000  5.6114074e-002  3.0000000e+000  1.1000000e+001
  1.5091787e+002  1.0984762e+000  5.4270878e-002  3.0000000e+000  1.6000000e+001
  1.5805697e+002  1.1791485e+000  6.1938639e-002  3.0000000e+000  1.7000000e+001
  1.5521382e+002  1.1010346e+000  5.2406311e-002  3.0000000e+000  2.4000000e+001
  1.6438334e+002  1.1755408e+000  6.3383012e-002  3.0000000e+000  2.6000000e+001
  1.5728777e+002  1.2256711e+000  7.1916098e-002  3.0000000e+000  2.7000000e+001
  1.5367160e+002  1.0751332e+000  5.7470360e-002  3.0000000e+000  2.8000000e+001
  1.5299467e+002  1.0640889e+000  6.7796478e-002  3.0000000e+000  2.9000000e+001
  1.6303678e+002  1.0137888e+000  5.3810688e-002  3.0000000e+000  3.1000000e+001
  1.6066328e+002  1.0922680e+000  5.6276428e-002  4.0000000e+000  3.0000000e+000
  1.5806127e+002  1.1465359e+000  5.0712390e-002  4.0000000e+000  4.0000000e+000
  1.5287100e+002  1.0466303e+000  5.3673161e-002  4.0000000e+000  6.0000000e+000
  1.5206406e+002  1.0655928e+000  6.5483684e-002  4.0000000e+000  9.0000000e+000
  1.5658378e+002  1.0551315e+000  5.6189008e-002  4.0000000e+000  1.3000000e+001
  4.1401038e+001  1.2813932e+000  7.5804862e-002  4.0000000e+000  1.4000000e+001
  1.5522727e+002  1.0955337e+000  6.4778082e-002  4.0000000e+000  1.6000000e+001
  1.4928626e+002  1.0545259e+000  7.4169870e-002  4.0000000e+000  1.7000000e+001
  1.6181671e+002  1.1395633e+000  5.5420841e-002  4.0000000e+000  1.8000000e+001
  1.4845428e+002  1.0772492e+000  6.2732987e-002  4.0000000e+000  1.9000000e+001
  1.5358283e+002  1.0979661e+000  5.2396259e-002  4.0000000e+000  2.1000000e+001
  1.4869607e+002  1.1071401e+000  5.3779617e-002  4.0000000e+000  2.3000000e+001
  7.3668646e+001  1.1752340e+000  5.4491123e-002  4.0000000e+000  2.9000000e+001
  1.5347321e+002  1.0610908e+000  6.2611655e-002  4.0000000e+000  3.2000000e+001
  1.5239492e+002  1.1204308e+000  6.0998653e-002  4.0000000e+000  3.3000000e+001
  1.5392128e+002  1.0435149e+000  6.2368842e-002  4.0000000e+000  3.4000000e+001
  1.5565615e+002  1.0577908e+000  5.5590046e-002  4.0000000e+000  3.5000000e+001
  1.5280180e+002  1.0675272e+000  6.0810443e-002  4.0000000e+000  3.6000000e+001
  1.5502694e+002  1.1223030e+000  6.2656118e-002  4.0000000e+000  3.7000000e+001
  1.6511383e+002  1.1121765e+000  6.0947859e-002  4.0000000e+000  3.8000000e+001
  1.5370737e+002  1.0688620e+000  5.1203581e-002  4.0000000e+000  4.0000000e+001
  1.5037726e+002  1.1388207e+000  5.8697222e-002  4.0000000e+000  4.1000000e+001
  1.4636247e+002  1.0647341e+000  5.5994714e-002  4.0000000e+000  4.2000000e+001
  1.5655429e+002  1.0683400e+000  5.4193564e-002  4.0000000e+000  4.3000000e+001
  4.7100058e+002  1.2360766e+000  6.6755777e-002  4.0000000e+000  4.9000000e+001
  1.4869966e+002  1.1929467e+000  4.9285510e-002  4.0000000e+000  5.0000000e+001
  1.4772066e+002  1.0997230e+000  4.7888259e-002  4.0000000e+000  5.1000000e+001
  1.5385322e+002  1.1441384e+000  6.0644292e-002  4.0000000e+000  5.2000000e+001
  1.6051156e+002  1.0863039e+000  7.7975534e-002  4.0000000e+000  5.3000000e+001
  1.6137895e+002  1.0878176e+000  5.1270738e-002  4.0000000e+000  5.5000000e+001
  1.5696115e+002  1.1317794e+000  6.5122191e-002  4.0000000e+000  5.7000000e+001
  1.5338507e+002  1.0502153e+000  4.6510473e-002  4.0000000e+000  5.8000000e+001
  1.5269156e+002  1.0526663e+000  4.7536748e-002  5.0000000e+000  1.0000000e+000
  1.6219836e+002  1.0846282e+000  4.3987256e-002  5.0000000e+000  3.0000000e+000
  1.6114881e+002  1.1782269e+000  5.2600744e-002  5.0000000e+000  4.0000000e+000
  1.4478870e+002  1.1003022e+000  5.8842209e-002  5.0000000e+000  6.0000000e+000
  1.5476213e+002  1.1108895e+000  7.5624572e-002  5.0000000e+000  8.0000000e+000
  1.5627921e+002  1.0963602e+000  7.0841831e-002  5.0000000e+000  9.0000000e+000
  1.5821744e+002  1.1543377e+000  4.6259373e-002  5.0000000e+000  1.1000000e+001
  1.6305671e+002  1.2081534e+000  6.9872170e-002  5.0000000e+000  1.2000000e+001
  1.5995086e+002  1.1102477e+000  5.8714224e-002  5.0000000e+000  1.4000000e+001
  1.5440395e+002  1.0787267e+000  6.2862398e-002  5.0000000e+000  1.6000000e+001
  5.2270415e+001  1.1023730e+000  4.8887111e-002  5.0000000e+000  1.8000000e+001
  1.5738791e+002  1.0292099e+000  5.6348832e-002  5.0000000e+000  1.9000000e+001
  4.6366302e+001  1.1940343e+000  4.2388598e-002  5.0000000e+000  2.3000000e+001
  1.5816769e+002  1.0740792e+000  5.6122417e-002  5.0000000e+000  2.5000000e+001
  1.6070691e+002  1.1813716e+000  6.0022334e-002  5.0000000e+000  2.7000000e+001
  1.5503779e+002  1.0383050e+000  6.3946936e-002  5.0000000e+000  2.8000000e+001
  1.5220271e+002  1.0875046e+000  6.4767063e-002  5.0000000e+000  3.4000000e+001
  1.4985478e+002  1.1494009e+000  6.9653953e-002  5.0000000e+000  3.6000000e+001
  1.5417398e+002  1.0899647e+000  5.8803964e-002  5.0000000e+000  3.7000000e+001
  1.5031566e+002  1.1095449e+000  4.7915462e-002  5.0000000e+000  3.8000000e+001
  1.5514330e+002  1.1351422e+000  5.0039170e-002  5.0000000e+000  3.9000000e+001
  1.6082637e+002  1.1013466e+000  7.8029348e-002  5.0000000e+000  4.1000000e+001
  1.5907447e+002  1.0292159e+000  5.1787049e-002  5.0000000e+000  4.2000000e+001
  1.5521549e+002  1.1339255e+000  6.0115962e-002  5.0000000e+000  4.4000000e+001
  1.4901913e+002  1.2082431e+000  6.4595834e-002  5.0000000e+000  4.5000000e+001
  1.5182988e+002  1.0168667e+000  4.6325093e-002  6.0000000e+000  1.0000000e+000
  1.6079217e+002  1.0384562e+000  7.0578053e-002  6.0000000e+000  2.0000000e+000
  1.5788598e+002  1.1131175e+000  6.5892389e-002  6.0000000e+000  3.0000000e+000
  1.5423560e+002  1.1491358e+000  6.7371768e-002  6.0000000e+000  5.0000000e+000
  1.5634580e+002  1.0027294e+000  6.0926040e-002  6.0000000e+000  6.0000000e+000
  1.5924297e+002  1.0573101e+000  6.3183385e-002  6.0000000e+000  1.0000000e+001
  1.5914977e+002  1.0752358e+000  7.6709321e-002  6.0000000e+000  1.1000000e+001
  1.5717378e+002  1.1177029e+000  7.0231402e-002  6.0000000e+000  1.3000000e+001
  1.5468463e+002  1.0456894e+000  6.0323705e-002  6.0000000e+000  1.5000000e+001
  1.6382213e+002  1.0917763e+000  5.9446767e-002  6.0000000e+000  2.2000000e+001
  1.5407423e+002  1.2485979e+000  5.2592864e-002  6.0000000e+000  2.3000000e+001
  1.5862369e+002  1.1258794e+000  5.6256671e-002  6.0000000e+000  2.4000000e+001
  1.6371916e+002  1.0372920e+000  3.8185493e-002  6.0000000e+000  2.5000000e+001
  1.8619454e+002  1.2752121e+000  6.0352170e-002  6.0000000e+000  2.7000000e+001
  1.5419651e+002  1.0739634e+000  7.7341922e-002  6.0000000e+000  2.8000000e+001
  1.5038403e+002  1.0786076e+000  7.4338135e-002  6.0000000e+000  2.9000000e+001
  1.5902209e+002  1.1841399e+000  4.7284448e-002  6.0000000e+000  3.2000000e+001
  1.4717775e+002  1.0174895e+000  6.2981500e-002  6.0000000e+000  3.3000000e+001
  1.5716338e+002  1.0174380e+000  7.7460076e-002  6.0000000e+000  3.5000000e+001
  1.5251886e+002  1.1310395e+000  5.6466455e-002  6.0000000e+000  3.8000000e+001
  1.5700385e+002  1.0281986e+000  5.2137006e-002  6.0000000e+000  3.9000000e+001
  1.6001124e+002  1.1077207e+000  4.4981425e-002  6.0000000e+000  4.0000000e+001
  1.6556228e+002  1.0675334e+000  5.1100148e-002  6.0000000e+000  4.1000000e+001
  1.5940433e+002  1.1207297e+000  4.7028167e-002  6.0000000e+000  4.3000000e+001
  1.5606768e+002  1.0454684e+000  6.9293431e-002  6.0000000e+000  4.5000000e+001
  1.6027214e+002  1.1083700e+000  6.3257294e-002  6.0000000e+000  4.6000000e+001
  1.6398421e+002  1.0201095e+000  4.9941434e-002  6.0000000e+000  4.8000000e+001
  1.5279959e+002  1.0391031e+000  6.8563479e-002  6.0000000e+000  4.9000000e+001
  1.4886193e+002  1.1048669e+000  6.4514161e-002  6.0000000e+000  5.0000000e+001
