  1.0363802e+002  1.0883554e+000  4.5550416e-002  1.0000000e+000  3.0000000e+000
  1.0057313e+002  1.0382056e+000  5.4671526e-002  1.0000000e+000  4.0000000e+000
  1.0790554e+002  1.1026337e+000  5.1723144e-002  1.0000000e+000  8.0000000e+000
  1.0256858e+002  1.1007091e+000  5.4506130e-002  1.0000000e+000  1.0000000e+001
  1.0215022e+002  1.1010565e+000  4.0444051e-002  1.0000000e+000  1.2000000e+001
  1.0367577e+002  1.1313530e+000  4.8316418e-002  1.0000000e+000  1.3000000e+001
  1.0045846e+002  1.0140367e+000  5.5462805e-002  1.0000000e+000  1.4000000e+001
  1.0605742e+002  1.0533119e+000  5.4993097e-002  1.0000000e+000  1.6000000e+001
  5.1193277e+001  1.0728472e+000  5.8877033e-002  1.0000000e+000  1.9000000e+001
  1.0381779e+002  1.0855082e+000  5.3197029e-002  1.0000000e+000  2.0000000e+001
  9.6168224e+001  1.1216849e+000  5.5567727e-002  1.0000000e+000  2.2000000e+001
  9.9577429e+001  1.1811263e+000  5.6621258e-002  1.0000000e+000  2.3000000e+001
  1.0484573e+002  1.0334005e+000  5.6150551e-002  1.0000000e+000  2.7000000e+001
  1.0265284e+002  1.1205421e+000  5.6122488e-002  1.0000000e+000  2.8000000e+001
  9.8961960e+001  1.0288089e+000  5.2887854e-002  1.0000000e+000  3.2000000e+001
  1.0278812e+002  1.2904349e+000  4.7044344e-002  1.0000000e+000  3.5000000e+001
  1.0044626e+002  1.0885427e+000  4.9075109e-002  1.0000000e+000  3.8000000e+001
  1.1683503e+002  1.1061465e+000  3.8572950e-002  1.0000000e+000  3.9000000e+001
  9.8002259e+001  1.0457294e+000  4.5226018e-002  1.0000000e+000  4.1000000e+001
  1.0339100e+002  1.1528218e+000  4.7411878e-002  1.0000000e+000  4.4000000e+001
  9.8652459e+001  1.0791844e+000  5.1135876e-002  1.0000000e+000  4.5000000e+001
  1.0311883e+002  1.1519313e+000  5.5057878e-002  1.0000000e+000  4.6000000e+001
  1.0585203e+002  1.0774540e+000  4.4882371e-002  1.0000000e+000  4.8000000e+001
  9.9615854e+001  1.0199926e+000  4.1482323e-002  1.0000000e+000  5.0000000e+001
  9.8542560e+001  1.1436387e+000  4.7062112e-002  1.0000000e+000  5.2000000e+001
  1.0642406e+002  1.1096741e+000  4.4853036e-002  1.0000000e+000  5.3000000e+001
  9.7339301e+001  1.2154265e+000  5.9960981e-002  1.0000000e+000  5.5000000e+001
  1.0306907e+002  1.0339805e+000  3.3235077e-002  1.0000000e+000  5.9000000e+001
  1.0557016e+002  1.1474399e+000  5.0209807e-002  1.0000000e+000  6.2000000e+001
  1.0353583e+002  1.1833431e+000  5.4163238e-002  1.0000000e+000  6.3000000e+001
  1.0459316e+002  1.0503254e+000  4.3164501e-002  1.0000000e+000  6.4000000e+001
  1.0479897e+002  1.0771556e+000  5.9762431e-002  1.0000000e+000  6.6000000e+001
  1.0658286e+002  1.0551458e+000  3.8952959e-002  1.0000000e+000  6.7000000e+001
  1.0848623e+002  1.0919450e+000  3.8470564e-002  1.0000000e+000  6.8000000e+001
  1.0242332e+002  1.2790474e+000  4.3734888e-002  1.0000000e+000  7.0000000e+001
  9.6946778e+001  1.0735653e+000  4.7924457e-002  1.0000000e+000  7.1000000e+001
  1.1073868e+002  1.1172583e+000  4.5778617e-002  1.0000000e+000  7.2000000e+001
  1.0336937e+002  1.0202119e+000  5.0582274e-002  1.0000000e+000  7.4000000e+001
  1.0748270e+002  1.1030154e+000  5.6192734e-002  2.0000000e+000  1.0000000e+000
  1.3111768e+002  1.0606350e+000  2.1674145e-002  2.0000000e+000  2.0000000e+000
  1.0318852e+002  1.1514176e+000  3.9819825e-002  2.0000000e+000  4.0000000e+000
  1.0299795e+002  1.0435445e+000  5.5412196e-002  2.0000000e+000  7.0000000e+000
  1.1120448e+002  1.0571518e+000  4.6794755e-002  2.0000000e+000  9.0000000e+000
  1.0261160e+002  1.2088072e+000  4.8300503e-002  2.0000000e+000  1.2000000e+001
  1.0758244e+002  1.0259910e+000  3.3991284e-002  2.0000000e+000  1.3000000e+001
  1.0818110e+002  1.0395606e+000  3.9963660e-002  2.0000000e+000  1.5000000e+001
  1.0282923e+002  1.2161369e+000  5.4117871e-002  2.0000000e+000  1.6000000e+001
  9.7357997e+001  1.1124940e+000  5.5552548e-002  2.0000000e+000  1.7000000e+001
  1.0726000e+002  1.0653377e+000  5.0312560e-002  2.0000000e+000  1.8000000e+001
  1.1472467e+002  1.0298812e+000  5.1732504e-002  2.0000000e+000  2.0000000e+001
  1.1465111e+002  1.2433329e+000  5.2611704e-002  2.0000000e+000  2.1000000e+001
  1.0761161e+002  1.1804691e+000  5.8094095e-002  2.0000000e+000  2.3000000e+001
  1.0927791e+002  1.1299003e+000  5.5682965e-002  2.0000000e+000  2.4000000e+001
  1.0936990e+002  1.2392104e+000  5.9897659e-002  2.0000000e+000  2.5000000e+001
  9.8374014e+001  1.0353587e+000  5.3524234e-002  2.0000000e+000  2.9000000e+001
  9.8374409e+001  1.2286223e+000  5.1654952e-002  2.0000000e+000  3.0000000e+001
  1.0348237e+002  1.1140752e+000  5.1145155e-002  2.0000000e+000  3.2000000e+001
  1.0682943e+002  1.0480087e+000  5.4461983e-002  2.0000000e+000  3.4000000e+001
  1.0691202e+002  1.0697309e+000  4.8380400e-002  2.0000000e+000  3.6000000e+001
  1.0389935e+002  1.0700365e+000  4.4920931e-002  2.0000000e+000  3.7000000e+001
  1.0181861e+002  1.1174230e+000  4.8839920e-002  2.0000000e+000  3.8000000e+001
  1.0366652e+002  1.0210783e+000  5.8598333e-002  2.0000000e+000  4.3000000e+001
  9.7738633e+001  1.1262794e+000  4.9367812e-002  2.0000000e+000  4.5000000e+001
  1.0152960e+002  1.0392228e+000  4.3528499e-002  2.0000000e+000  4.6000000e+001
  1.0287276e+002  1.0555820e+000  5.1741956e-002  2.0000000e+000  4.9000000e+001
  1.0505587e+002  1.0363442e+000  4.3173937e-002  2.0000000e+000  5.1000000e+001
  1.0636296e+002  1.1024370e+000  4.6709086e-002  2.0000000e+000  5.2000000e+001
  1.0032597e+002  1.0602628e+000  4.8109760e-002  2.0000000e+000  5.3000000e+001
  1.0602755e+002  1.0492247e+000  4.4027265e-002  3.0000000e+000  1.0000000e+000
  1.0389692e+002  1.0082770e+000  4.7430454e-002  3.0000000e+000  2.0000000e+000
  1.0021326e+002  1.0747409e+000  5.5933089e-002  3.0000000e+000  4.0000000e+000
  1.1031341e+002  1.0664869e+000  4.9478769e-002  3.0000000e+000  6.0000000e+000
  1.0589198e+002  1.1332598e+000  5.4700864e-002  3.0000000e+000  8.0000000e+000
  1.0123558e+002  1.0894194e+000  5.3768487e-002  3.0000000e+000  9.0000000e+000
  1.1431625e+002  1.0563402e+000  5.6591533e-002  3.0000000e+000  1.0000000e+001
  1.0303156e+002  1.0673264e+000  4.8879192e-002  3.0000000e+000  1.4000000e+001
  1.0882186e+002  1.0847210e+000  5.8543759e-002  3.0000000e+000  1.5000000e+001
  1.0223068e+002  1.2797522e+000  5.6617980e-002  3.0000000e+000  1.7000000e+001
  1.0353399e+002  1.1049444e+000  5.3233313e-002  3.0000000e+000  1.8000000e+001
  1.0199613e+002  1.0671706e+000  5.6278681e-002  3.0000000e+000  1.9000000e+001
  1.0374748e+002  1.0626605e+000  4.5949731e-002  3.0000000e+000  2.2000000e+001
  9.9542947e+001  1.2255080e+000  5.2770744e-002  3.0000000e+000  2.7000000e+001
  4.2706483e+001  1.1643458e+000  5.3995915e-002  3.0000000e+000  3.0000000e+001
  1.0525193e+002  1.0401755e+000  4.8811116e-002  3.0000000e+000  3.4000000e+001
  1.0137242e+002  1.1006823e+000  4.6575132e-002  3.0000000e+000  4.5000000e+001
  1.0427992e+002  1.1972897e+000  5.7992914e-002  3.0000000e+000  4.7000000e+001
  1.0619878e+002  1.0740035e+000  5.1647363e-002  3.0000000e+000  5.0000000e+001
  1.0547718e+002  1.0899377e+000  4.7545760e-002  3.0000000e+000  5.1000000e+001
  1.0157487e+002  1.2362006e+000  4.7531000e-002  3.0000000e+000  5.6000000e+001
  1.0093793e+002  1.1398647e+000  5.3066313e-002  3.0000000e+000  5.8000000e+001
  1.0328289e+002  1.1784729e+000  3.9155141e-002  3.0000000e+000  6.1000000e+001
  1.0775851e+002  1.0630517e+000  5.5292834e-002  4.0000000e+000  3.0000000e+000
  1.0322015e+002  1.1327507e+000  5.3021307e-002  4.0000000e+000  7.0000000e+000
  1.0339822e+002  1.0509180e+000  5.7911831e-002  4.0000000e+000  8.0000000e+000
  1.0624371e+002  1.0949666e+000  4.0019458e-002  4.0000000e+000  1.0000000e+001
  1.0336005e+002  1.0509500e+000  4.4555458e-002  4.0000000e+000  2.1000000e+001
  9.8916311e+001  1.2264236e+000  4.4535194e-002  4.0000000e+000  2.2000000e+001
  4.4088793e+001  1.2470410e+000  4.9095372e-002  4.0000000e+000  2.4000000e+001
  9.7327947e+001  1.0918599e+000  5.2126659e-002  4.0000000e+000  2.7000000e+001
  1.0768050e+002  1.1790868e+000  4.7421324e-002  4.0000000e+000  2.8000000e+001
  1.0400139e+002  1.0199489e+000  4.6632973e-002  4.0000000e+000  2.9000000e+001
  1.0145652e+002  1.0545946e+000  5.7636030e-002  4.0000000e+000  3.0000000e+001
  1.0361919e+002  1.0510344e+000  4.0501741e-002  4.0000000e+000  3.2000000e+001
  1.0661758e+002  1.1484036e+000  5.5262314e-002  4.0000000e+000  3.3000000e+001
  6.1477028e+001  1.1039979e+000  4.0112162e-002  4.0000000e+000  3.8000000e+001
  1.0471884e+002  1.1872149e+000  5.0024307e-002  4.0000000e+000  3.9000000e+001
  1.0129141e+002  1.0083128e+000  4.9501451e-002  4.0000000e+000  4.0000000e+001
  9.8963032e+001  1.1412723e+000  4.5745045e-002  4.0000000e+000  4.1000000e+001
  1.0651958e+002  1.2259802e+000  5.7873889e-002  4.0000000e+000  4.4000000e+001
  1.0376967e+002  1.0221366e+000  5.3843128e-002  4.0000000e+000  4.6000000e+001
  9.8817303e+001  1.1738268e+000  5.1861085e-002  4.0000000e+000  5.0000000e+001
  1.0213882e+002  1.0727388e+000  4.3213717e-002  4.0000000e+000  5.2000000e+001
  1.0605031e+002  1.1561145e+000  5.2857636e-002  4.0000000e+000  5.6000000e+001
  1.0242231e+002  1.0707057e+000  5.5214091e-002  4.0000000e+000  5.7000000e+001
  1.0582790e+002  1.1747303e+000  4.7706782e-002  4.0000000e+000  5.8000000e+001
  1.0447898e+002  1.1434270e+000  5.6601160e-002  4.0000000e+000  5.9000000e+001
  1.0744581e+002  1.1153939e+000  4.9570752e-002  4.0000000e+000  6.1000000e+001
  1.1253049e+002  1.0231686e+000  5.2151792e-002  4.0000000e+000  6.2000000e+001
  1.0547755e+002  1.0654589e+000  5.9977498e-002  4.0000000e+000  6.4000000e+001
  1.0334428e+002  1.2394200e+000  4.7244542e-002  4.0000000e+000  6.6000000e+001
  1.0170876e+002  1.0865700e+000  5.6567832e-002  5.0000000e+000  7.0000000e+000
  1.0358996e+002  1.1192335e+000  5.0039170e-002  5.0000000e+000  1.2000000e+001
  1.0022165e+002  1.0434821e+000  4.3352468e-002  5.0000000e+000  1.6000000e+001
  1.1016665e+002  1.1168954e+000  4.1405737e-002  5.0000000e+000  1.7000000e+001
  1.0495513e+002  1.0730655e+000  5.8777770e-002  5.0000000e+000  1.9000000e+001
  1.1101584e+002  1.1330197e+000  4.7114612e-002  5.0000000e+000  2.2000000e+001
  1.0661472e+002  1.0798759e+000  5.8066295e-002  5.0000000e+000  2.3000000e+001
  1.0324237e+002  1.0493769e+000  5.0968641e-002  5.0000000e+000  2.4000000e+001
  1.0491377e+002  1.0519462e+000  5.4684842e-002  5.0000000e+000  2.6000000e+001
  1.0415235e+002  1.0097915e+000  5.8938404e-002  5.0000000e+000  2.7000000e+001
  1.0694551e+002  1.1805858e+000  4.6448795e-002  5.0000000e+000  2.8000000e+001
  8.8117049e+001  1.0114511e+000  5.9800227e-002  5.0000000e+000  3.5000000e+001
  1.0207616e+002  1.1920683e+000  5.7238343e-002  5.0000000e+000  3.6000000e+001
  1.0400126e+002  1.0512719e+000  5.4913490e-002  5.0000000e+000  4.1000000e+001
  1.0217992e+002  1.1752741e+000  4.9292266e-002  5.0000000e+000  4.2000000e+001
  1.0156217e+002  1.0556084e+000  5.5281729e-002  5.0000000e+000  4.3000000e+001
  9.7966770e+001  1.1199559e+000  3.5537669e-002  5.0000000e+000  4.4000000e+001
  1.0613626e+002  1.2737770e+000  5.4562337e-002  5.0000000e+000  4.9000000e+001
  1.0587883e+002  1.2677371e+000  5.6908220e-002  5.0000000e+000  5.2000000e+001
  1.0665023e+002  1.1315589e+000  5.4574466e-002  5.0000000e+000  5.3000000e+001
  1.0697003e+002  1.2161825e+000  5.3692689e-002  5.0000000e+000  5.4000000e+001
  1.0571010e+002  1.1271509e+000  5.3430496e-002  5.0000000e+000  5.5000000e+001
  1.1378466e+002  1.0190428e+000  4.9235761e-002  5.0000000e+000  5.6000000e+001
  1.0314274e+002  1.0164115e+000  5.5289994e-002  5.0000000e+000  5.8000000e+001
  1.0736467e+002  1.0530340e+000  5.0566409e-002  5.0000000e+000  5.9000000e+001
  9.8805668e+001  1.0348589e+000  5.1352435e-002  5.0000000e+000  6.0000000e+001
  1.0631543e+002  1.0682418e+000  4.7767936e-002  5.0000000e+000  6.2000000e+001
  1.0653425e+002  1.1320744e+000  5.0818156e-002  5.0000000e+000  6.3000000e+001
  1.1209770e+002  1.1853954e+000  5.3712738e-002  5.0000000e+000  6.4000000e+001
  1.0955935e+002  1.2349999e+000  5.9901396e-002  5.0000000e+000  6.5000000e+001
  1.0790511e+002  1.0890601e+000  4.4358225e-002  6.0000000e+000  3.0000000e+000
  1.1057138e+002  1.0430981e+000  4.8189557e-002  6.0000000e+000  1.2000000e+001
  1.0612415e+002  1.0297179e+000  4.1583421e-002  6.0000000e+000  1.6000000e+001
  1.0041868e+002  1.0473119e+000  5.7724224e-002  6.0000000e+000  1.8000000e+001
  1.0581274e+002  1.0958678e+000  4.0350428e-002  6.0000000e+000  2.1000000e+001
  1.0786947e+002  1.0817978e+000  4.5571422e-002  6.0000000e+000  2.5000000e+001
  1.0377581e+002  1.0893024e+000  5.0000283e-002  6.0000000e+000  2.7000000e+001
  9.8825751e+001  1.1072566e+000  4.6741037e-002  6.0000000e+000  2.8000000e+001
  1.0368348e+002  1.0343656e+000  5.0142244e-002  6.0000000e+000  3.2000000e+001
  1.0076150e+002  1.1830225e+000  4.9049684e-002  6.0000000e+000  3.4000000e+001
  1.0037784e+002  1.0431109e+000  4.5405910e-002  6.0000000e+000  3.7000000e+001
  1.0530447e+002  1.1026248e+000  4.2979555e-002  6.0000000e+000  4.0000000e+001
  1.0508382e+002  1.0443899e+000  5.6279917e-002  6.0000000e+000  4.1000000e+001
  9.6448408e+001  1.2378470e+000  4.3939168e-002  6.0000000e+000  4.3000000e+001
  1.0508104e+002  1.0428502e+000  4.5619162e-002  6.0000000e+000  4.7000000e+001
  1.0904621e+002  1.1001667e+000  4.2042553e-002  6.0000000e+000  4.9000000e+001
  9.6409530e+001  1.0628914e+000  5.7392473e-002  6.0000000e+000  5.0000000e+001
  1.0042861e+002  1.0672383e+000  5.8072994e-002  6.0000000e+000  5.1000000e+001
  1.0599215e+002  1.1108896e+000  4.4020467e-002  6.0000000e+000  5.3000000e+001
  1.0219585e+002  1.2690627e+000  5.0361390e-002  6.0000000e+000  5.4000000e+001
  1.0254795e+002  1.1755828e+000  4.0670668e-002  6.0000000e+000  5.6000000e+001
  1.0279214e+002  1.1312702e+000  5.4674353e-002  6.0000000e+000  5.7000000e+001
  1.1126839e+002  1.0230602e+000  5.1511725e-002  6.0000000e+000  5.9000000e+001
  1.0828816e+002  1.0064168e+000  5.8641875e-002  6.0000000e+000  6.3000000e+001
  1.0784197e+002  1.1550432e+000  5.3884398e-002  6.0000000e+000  6.6000000e+001
  1.0484240e+002  1.0489996e+000  5.4645751e-002  6.0000000e+000  6.7000000e+001
  1.1151931e+002  1.0644024e+000  4.7375780e-002  6.0000000e+000  6.9000000e+001
  1.0454325e+002  1.1036593e+000  4.4999577e-002  6.0000000e+000  7.1000000e+001
  1.1034796e+002  1.0897101e+000  5.5889484e-002  6.0000000e+000  7.2000000e+001
  1.0636556e+002  1.0375618e+000  5.4355733e-002  6.0000000e+000  7.4000000e+001
  1.1212699e+002  1.0663955e+000  5.0087814e-002  6.0000000e+000  7.6000000e+001
  1.0725045e+002  1.0822286e+000  5.9303251e-002  6.0000000e+000  7.9000000e+001
  1.0814743e+002  1.0911549e+000  4.1045426e-002  6.0000000e+000  8.0000000e+001
  1.0236823e+002  1.0320161e+000  3.6748421e-002  6.0000000e+000  8.1000000e+001
