  9.8946436e+001  1.0310100e+000  4.5482781e-002  1.0000000e+000  1.0000000e+000
  9.8953103e+001  1.2510598e+000  4.4155428e-002  1.0000000e+000  3.0000000e+000
  1.0453023e+002  1.1423357e+000  5.8492036e-002  1.0000000e+000  4.0000000e+000
  3.6195189e+001  1.1940021e+000  5.6034146e-002  1.0000000e+000  7.0000000e+000
  1.0637809e+002  1.1332532e+000  4.2783321e-002  1.0000000e+000  9.0000000e+000
  9.9858096e+001  1.1381271e+000  4.1831109e-002  1.0000000e+000  1.3000000e+001
  1.0236006e+002  1.1297703e+000  5.1271627e-002  1.0000000e+000  1.5000000e+001
  9.8543971e+001  1.1057537e+000  5.8680715e-002  1.0000000e+000  1.6000000e+001
  4.9358117e+002  1.2039540e+000  5.7954120e-002  1.0000000e+000  1.9000000e+001
  9.4505684e+001  1.0063767e+000  4.9856856e-002  1.0000000e+000  2.0000000e+001
  9.8329315e+001  1.1003541e+000  4.0383359e-002  1.0000000e+000  2.1000000e+001
  9.5534813e+001  1.0856809e+000  4.3731688e-002  1.0000000e+000  2.2000000e+001
  1.0342040e+002  1.0916066e+000  5.4822925e-002  1.0000000e+000  2.3000000e+001
  4.1130741e+001  1.2591280e+000  5.1662450e-002  1.0000000e+000  2.5000000e+001
  3.4915069e+001  1.2399655e+000  5.7201525e-002  1.0000000e+000  2.6000000e+001
  9.9211537e+001  1.0987920e+000  4.5817101e-002  1.0000000e+000  2.7000000e+001
  9.9836670e+001  1.1155404e+000  4.8283907e-002  1.0000000e+000  3.0000000e+001
  9.5957415e+001  1.2098583e+000  5.5714103e-002  1.0000000e+000  3.2000000e+001
  9.7421460e+001  1.1069291e+000  5.3169210e-002  1.0000000e+000  3.3000000e+001
  9.9176617e+001  1.0716886e+000  3.4855354e-002  1.0000000e+000  3.4000000e+001
  9.9779180e+001  1.0837640e+000  4.5056700e-002  1.0000000e+000  3.6000000e+001
  1.0212539e+002  1.1882874e+000  4.1340241e-002  1.0000000e+000  3.7000000e+001
  9.2733927e+001  1.1492606e+000  5.0777977e-002  1.0000000e+000  3.8000000e+001
  9.9976316e+001  1.1570733e+000  5.2595322e-002  1.0000000e+000  4.0000000e+001
  9.7016932e+001  1.0565444e+000  4.4631670e-002  1.0000000e+000  4.1000000e+001
  9.8806636e+001  1.1140487e+000  4.1432746e-002  1.0000000e+000  4.5000000e+001
  1.0511512e+002  1.2664954e+000  4.8018299e-002  1.0000000e+000  4.6000000e+001
  9.7261311e+001  1.1644801e+000  4.8614015e-002  1.0000000e+000  4.8000000e+001
  9.7002042e+001  1.2089408e+000  5.1416986e-002  1.0000000e+000  5.0000000e+001
  4.4613057e+001  1.2908385e+000  4.7099281e-002  1.0000000e+000  5.1000000e+001
  9.7334995e+001  1.1047396e+000  5.4056938e-002  1.0000000e+000  5.3000000e+001
  1.3749993e+002  1.0616605e+000  5.4994933e-002  1.0000000e+000  5.4000000e+001
  9.5122341e+001  1.0876912e+000  5.4860662e-002  1.0000000e+000  5.5000000e+001
  1.0221721e+002  1.0525446e+000  4.5188305e-002  1.0000000e+000  5.7000000e+001
  1.0288781e+002  1.1137178e+000  4.6277218e-002  2.0000000e+000  1.0000000e+000
  1.0054432e+002  1.0953732e+000  5.6452293e-002  2.0000000e+000  4.0000000e+000
  1.0110071e+002  1.0322569e+000  4.0577304e-002  2.0000000e+000  5.0000000e+000
  9.7192686e+001  1.0698216e+000  5.6136566e-002  2.0000000e+000  1.1000000e+001
  9.7981227e+001  1.1640928e+000  5.1612747e-002  2.0000000e+000  1.2000000e+001
  1.0050397e+002  1.0582966e+000  4.7086338e-002  2.0000000e+000  1.3000000e+001
  9.9403405e+001  1.2340037e+000  5.3621995e-002  2.0000000e+000  1.4000000e+001
  9.0849102e+001  1.1509942e+000  4.6608257e-002  2.0000000e+000  1.5000000e+001
  9.2515146e+001  1.0946233e+000  4.8808516e-002  2.0000000e+000  1.9000000e+001
  9.5797594e+001  1.0600971e+000  4.5603520e-002  2.0000000e+000  2.2000000e+001
  9.9492224e+001  1.0919774e+000  3.7676619e-002  2.0000000e+000  2.5000000e+001
  9.8035198e+001  1.0269734e+000  5.4375538e-002  2.0000000e+000  2.6000000e+001
  9.5547756e+001  1.1736030e+000  4.9492140e-002  2.0000000e+000  2.7000000e+001
  9.4041709e+001  1.1636789e+000  5.0349482e-002  2.0000000e+000  2.8000000e+001
  5.6617715e+001  1.1880665e+000  4.9734618e-002  2.0000000e+000  2.9000000e+001
  9.7654968e+001  1.0222165e+000  5.1260676e-002  2.0000000e+000  3.2000000e+001
  9.3094107e+001  1.0573215e+000  4.6437782e-002  2.0000000e+000  3.3000000e+001
  9.8349800e+001  1.2143979e+000  4.8084765e-002  2.0000000e+000  3.4000000e+001
  1.0759928e+002  1.0303513e+000  4.9304373e-002  2.0000000e+000  3.5000000e+001
  9.7796298e+001  1.0259968e+000  4.8381500e-002  2.0000000e+000  3.6000000e+001
  9.8447319e+001  1.1574285e+000  3.4802379e-002  2.0000000e+000  3.7000000e+001
  9.5554324e+001  1.0676083e+000  4.3755718e-002  2.0000000e+000  3.8000000e+001
  1.0374396e+002  1.0580090e+000  3.9976463e-002  2.0000000e+000  4.0000000e+001
  1.2527316e+002  1.0406066e+000  5.8660057e-002  2.0000000e+000  4.1000000e+001
  9.5365714e+001  1.0594884e+000  4.4628812e-002  2.0000000e+000  4.3000000e+001
  9.8329746e+001  1.1568177e+000  4.8052894e-002  2.0000000e+000  4.7000000e+001
  9.6873258e+001  1.2334181e+000  4.1152975e-002  2.0000000e+000  4.8000000e+001
  9.8843817e+001  1.0984076e+000  4.2738877e-002  2.0000000e+000  5.1000000e+001
  1.0088429e+002  1.2698247e+000  5.5722646e-002  2.0000000e+000  5.4000000e+001
  9.5427185e+001  1.0892234e+000  3.8223502e-002  2.0000000e+000  5.7000000e+001
  9.7098381e+001  1.1934237e+000  5.4974028e-002  2.0000000e+000  5.9000000e+001
  8.8232740e+001  1.0812699e+000  3.9826715e-002  2.0000000e+000  6.0000000e+001
  9.6597598e+001  1.1938502e+000  4.9019114e-002  3.0000000e+000  3.0000000e+000
  9.8249074e+001  1.1167775e+000  4.5489227e-002  3.0000000e+000  4.0000000e+000
  9.7792282e+001  1.1187665e+000  5.3688086e-002  3.0000000e+000  5.0000000e+000
  1.0044644e+002  1.0165519e+000  4.0084221e-002  3.0000000e+000  8.0000000e+000
  1.0363236e+002  1.0119121e+000  3.6666721e-002  3.0000000e+000  9.0000000e+000
  9.5238681e+001  1.1974232e+000  4.4185160e-002  3.0000000e+000  1.0000000e+001
  9.6313563e+001  1.0203459e+000  5.6121310e-002  3.0000000e+000  1.1000000e+001
  1.0075430e+002  1.1303108e+000  4.3927364e-002  3.0000000e+000  1.4000000e+001
  9.8951784e+001  1.1178092e+000  4.4322809e-002  3.0000000e+000  1.5000000e+001
  1.0057894e+002  1.1490527e+000  4.1816400e-002  3.0000000e+000  1.9000000e+001
  9.6119691e+001  1.1032901e+000  4.3389903e-002  3.0000000e+000  2.0000000e+001
  9.6557424e+001  1.1792414e+000  5.3358154e-002  3.0000000e+000  2.3000000e+001
  1.0370021e+002  1.0233716e+000  5.0050570e-002  3.0000000e+000  2.6000000e+001
  1.0568864e+002  1.0769817e+000  5.1860315e-002  3.0000000e+000  2.8000000e+001
  9.4592271e+001  1.0534405e+000  5.6011264e-002  3.0000000e+000  2.9000000e+001
  9.8497277e+001  1.0562509e+000  3.8835117e-002  3.0000000e+000  3.1000000e+001
  9.8503646e+001  1.2164691e+000  5.4053083e-002  3.0000000e+000  3.2000000e+001
  9.6060027e+001  1.0468608e+000  4.4415221e-002  3.0000000e+000  3.4000000e+001
  1.0088489e+002  1.0329810e+000  4.8833244e-002  3.0000000e+000  3.5000000e+001
  1.0125094e+002  1.0275402e+000  5.6874419e-002  3.0000000e+000  3.6000000e+001
  9.5966753e+001  1.0914676e+000  4.4177992e-002  3.0000000e+000  3.7000000e+001
  1.0191827e+002  1.0702207e+000  4.0824861e-002  3.0000000e+000  3.8000000e+001
  9.9092737e+001  1.0376128e+000  4.2102724e-002  3.0000000e+000  4.0000000e+001
  9.9219099e+001  1.0742758e+000  4.0577358e-002  3.0000000e+000  4.2000000e+001
  1.0172287e+002  1.1379607e+000  3.9074128e-002  3.0000000e+000  4.4000000e+001
  9.5112564e+001  1.0446700e+000  5.3784984e-002  3.0000000e+000  4.5000000e+001
  1.0284367e+002  1.2590300e+000  3.8012774e-002  4.0000000e+000  3.0000000e+000
  9.5469761e+001  1.1021266e+000  4.2315069e-002  4.0000000e+000  5.0000000e+000
  1.0074151e+002  1.0664417e+000  5.1146704e-002  4.0000000e+000  6.0000000e+000
  9.6518921e+001  1.1458022e+000  5.7083767e-002  4.0000000e+000  7.0000000e+000
  9.7417006e+001  1.1429975e+000  4.3970498e-002  4.0000000e+000  1.1000000e+001
  9.9089373e+001  1.1151446e+000  4.1134760e-002  4.0000000e+000  1.2000000e+001
  9.9634159e+001  1.1325909e+000  4.4678877e-002  4.0000000e+000  1.3000000e+001
  9.6823554e+001  1.1222166e+000  4.4490820e-002  4.0000000e+000  1.5000000e+001
  9.9067325e+001  1.0639755e+000  4.2563612e-002  4.0000000e+000  1.9000000e+001
  5.0456440e+001  1.0720152e+000  4.9033209e-002  4.0000000e+000  2.3000000e+001
  9.9285424e+001  1.1095785e+000  5.0279398e-002  4.0000000e+000  2.4000000e+001
  9.8581864e+001  1.1094606e+000  4.3515922e-002  4.0000000e+000  2.7000000e+001
  9.4112222e+001  1.0797062e+000  4.4915929e-002  4.0000000e+000  2.9000000e+001
  1.0035342e+002  1.0947435e+000  5.1207839e-002  4.0000000e+000  3.0000000e+001
  9.9995926e+001  1.2977157e+000  4.8641936e-002  4.0000000e+000  3.1000000e+001
  1.0247798e+002  1.1650783e+000  5.4790770e-002  4.0000000e+000  3.2000000e+001
  9.7417145e+001  1.1645266e+000  4.4063561e-002  4.0000000e+000  3.3000000e+001
  9.5932707e+001  1.0477379e+000  5.6874180e-002  4.0000000e+000  3.4000000e+001
  9.9649009e+001  1.0672382e+000  4.9897033e-002  4.0000000e+000  3.9000000e+001
  1.0270870e+002  1.1114113e+000  4.5116113e-002  4.0000000e+000  4.3000000e+001
  1.0326314e+002  1.1442039e+000  5.0602117e-002  5.0000000e+000  2.0000000e+000
  9.5481314e+001  1.1652995e+000  4.7019900e-002  5.0000000e+000  3.0000000e+000
  1.0086972e+002  1.0747564e+000  5.7217316e-002  5.0000000e+000  4.0000000e+000
  9.9365145e+001  1.0569240e+000  4.3723392e-002  5.0000000e+000  6.0000000e+000
  1.0445598e+002  1.1390990e+000  4.9384186e-002  5.0000000e+000  9.0000000e+000
  9.7173144e+001  1.0541936e+000  3.3367088e-002  5.0000000e+000  1.2000000e+001
  1.0662448e+002  1.1147558e+000  4.8904854e-002  5.0000000e+000  1.3000000e+001
  9.5070756e+001  1.1670606e+000  3.9176080e-002  5.0000000e+000  1.4000000e+001
  9.9997868e+001  1.0403569e+000  4.5725256e-002  5.0000000e+000  1.6000000e+001
  9.0534836e+001  1.1599923e+000  4.5695614e-002  5.0000000e+000  1.7000000e+001
  9.5828812e+001  1.0984651e+000  4.9336048e-002  5.0000000e+000  1.9000000e+001
  9.4642100e+001  1.1022273e+000  5.6090749e-002  5.0000000e+000  2.1000000e+001
  9.9071334e+001  1.1873059e+000  5.5905514e-002  5.0000000e+000  2.2000000e+001
  1.0452049e+002  1.1225647e+000  4.0061286e-002  5.0000000e+000  2.3000000e+001
  9.8337817e+001  1.0749189e+000  4.6003733e-002  5.0000000e+000  2.4000000e+001
  1.0146319e+002  1.1712817e+000  5.3114291e-002  5.0000000e+000  2.5000000e+001
  9.5829331e+001  1.0530694e+000  4.3259527e-002  5.0000000e+000  2.6000000e+001
  1.0105715e+002  1.0713235e+000  4.6549232e-002  5.0000000e+000  2.7000000e+001
  9.5068446e+001  1.0296172e+000  5.4250372e-002  5.0000000e+000  3.0000000e+001
  1.0296649e+002  1.1045691e+000  4.3901273e-002  5.0000000e+000  3.1000000e+001
  9.6544067e+001  1.1095537e+000  4.5773521e-002  5.0000000e+000  3.2000000e+001
  1.0290759e+002  1.0784941e+000  4.6365864e-002  5.0000000e+000  3.3000000e+001
  9.7674093e+001  1.1829254e+000  4.8501493e-002  5.0000000e+000  3.5000000e+001
  1.0183203e+002  1.2283212e+000  5.4630790e-002  5.0000000e+000  3.7000000e+001
  9.7823215e+001  1.1954082e+000  5.1199698e-002  5.0000000e+000  3.8000000e+001
  9.9014724e+001  1.1623214e+000  4.7171333e-002  5.0000000e+000  3.9000000e+001
  1.0023073e+002  1.2862641e+000  5.3351334e-002  6.0000000e+000  1.0000000e+000
  1.0272909e+002  1.1115327e+000  4.3468179e-002  6.0000000e+000  3.0000000e+000
  1.0199646e+002  1.2031966e+000  5.3039661e-002  6.0000000e+000  4.0000000e+000
  9.7291521e+001  1.1925236e+000  5.5544448e-002  6.0000000e+000  7.0000000e+000
  1.0992285e+002  1.0548946e+000  3.6516022e-002  6.0000000e+000  8.0000000e+000
  9.7800350e+001  1.1376008e+000  4.2294002e-002  6.0000000e+000  1.2000000e+001
  9.3978994e+001  1.0584234e+000  4.3649647e-002  6.0000000e+000  1.3000000e+001
  1.0093416e+002  1.0573915e+000  5.0418845e-002  6.0000000e+000  1.6000000e+001
  9.6277378e+001  1.0421360e+000  4.2313236e-002  6.0000000e+000  1.7000000e+001
  9.7170544e+001  1.0810195e+000  5.4360367e-002  6.0000000e+000  1.9000000e+001
  9.9240981e+001  1.0923505e+000  4.5595970e-002  6.0000000e+000  2.1000000e+001
  9.6835245e+001  1.0775469e+000  5.0353375e-002  6.0000000e+000  2.4000000e+001
  9.7653613e+001  1.1657537e+000  4.8728291e-002  6.0000000e+000  2.5000000e+001
  1.0317028e+002  1.1903273e+000  5.7049798e-002  6.0000000e+000  2.7000000e+001
  9.3089077e+001  1.1898076e+000  4.3853296e-002  6.0000000e+000  2.8000000e+001
  1.0104948e+002  1.0699989e+000  4.6277533e-002  6.0000000e+000  2.9000000e+001
  9.4141348e+001  1.0795893e+000  5.1847256e-002  6.0000000e+000  3.0000000e+001
  1.0094373e+002  1.1332836e+000  4.4143742e-002  6.0000000e+000  3.1000000e+001
  9.9173296e+001  1.0228884e+000  4.8112798e-002  6.0000000e+000  3.5000000e+001
  1.0013745e+002  1.0500568e+000  5.3269975e-002  6.0000000e+000  3.6000000e+001
  9.9931280e+001  1.1057742e+000  5.8956008e-002  6.0000000e+000  3.9000000e+001
  9.7320831e+001  1.1116331e+000  4.8157652e-002  6.0000000e+000  4.0000000e+001
  1.0027311e+002  1.1476607e+000  5.7881810e-002  6.0000000e+000  4.3000000e+001
  9.1156466e+001  1.0834331e+000  5.4861093e-002  6.0000000e+000  4.5000000e+001
  9.9302783e+001  1.0695048e+000  4.7404214e-002  6.0000000e+000  4.6000000e+001
  1.0298440e+002  1.1162636e+000  4.7134165e-002  7.0000000e+000  1.0000000e+000
  1.0410212e+002  1.1066441e+000  4.1259516e-002  7.0000000e+000  2.0000000e+000
  9.8690706e+001  1.1550433e+000  4.6709342e-002  7.0000000e+000  3.0000000e+000
  1.0494317e+002  1.1407979e+000  5.2626375e-002  7.0000000e+000  6.0000000e+000
  1.0318162e+002  1.1150415e+000  3.6761905e-002  7.0000000e+000  7.0000000e+000
  1.0058056e+002  1.1881773e+000  5.8649531e-002  7.0000000e+000  8.0000000e+000
  9.7408524e+001  1.2092867e+000  4.3061404e-002  7.0000000e+000  1.2000000e+001
  9.6297167e+001  1.1315010e+000  4.5921953e-002  7.0000000e+000  1.4000000e+001
  1.0048267e+002  1.1142296e+000  5.0575306e-002  7.0000000e+000  1.5000000e+001
  8.8446934e+001  1.2561702e+000  5.2087328e-002  7.0000000e+000  1.6000000e+001
  9.8527898e+001  1.1040701e+000  4.8331041e-002  7.0000000e+000  1.7000000e+001
  1.0226338e+002  1.1095662e+000  3.9712459e-002  7.0000000e+000  1.9000000e+001
  1.0448985e+002  1.1268021e+000  5.3335923e-002  7.0000000e+000  2.0000000e+001
  1.0159101e+002  1.0563113e+000  4.6691605e-002  7.0000000e+000  2.2000000e+001
  1.0248488e+002  1.0600568e+000  4.5128718e-002  7.0000000e+000  2.6000000e+001
  1.0139250e+002  1.0969158e+000  5.0548102e-002  7.0000000e+000  2.8000000e+001
  1.0075755e+002  1.1163052e+000  4.6181745e-002  7.0000000e+000  3.0000000e+001
  9.2011431e+001  1.2494244e+000  4.0673092e-002  7.0000000e+000  3.1000000e+001
  9.8576456e+001  1.0315371e+000  4.2671692e-002  7.0000000e+000  3.2000000e+001
  1.0580308e+002  1.0370057e+000  5.4272852e-002  7.0000000e+000  3.3000000e+001
  9.9038635e+001  1.0927017e+000  3.3339610e-002  7.0000000e+000  3.4000000e+001
  1.0857185e+002  1.2309810e+000  4.3885775e-002  7.0000000e+000  3.5000000e+001
  9.9730282e+001  1.0882115e+000  5.9350111e-002  7.0000000e+000  3.8000000e+001
  3.6910517e+001  1.1518894e+000  5.0162740e-002  7.0000000e+000  3.9000000e+001
  1.0157989e+002  1.0406499e+000  5.8307663e-002  7.0000000e+000  4.1000000e+001
  1.0158385e+002  1.0556280e+000  5.7389416e-002  7.0000000e+000  4.2000000e+001
  9.9985948e+001  1.2149786e+000  5.6258198e-002  7.0000000e+000  4.4000000e+001
  9.8493250e+001  1.0118949e+000  4.3221594e-002  7.0000000e+000  4.6000000e+001
  9.8876086e+001  1.0882382e+000  5.2111065e-002  7.0000000e+000  4.7000000e+001
  1.0730156e+002  1.0552461e+000  4.7271584e-002  7.0000000e+000  4.8000000e+001
  1.0202630e+002  1.0736365e+000  5.8668800e-002  7.0000000e+000  4.9000000e+001
