  1.4252844e+002  1.0963539e+000  5.4438590e-002  1.0000000e+000  3.0000000e+000
  1.4463521e+002  1.0829372e+000  5.0781514e-002  1.0000000e+000  1.8000000e+001
  1.3615156e+002  1.0993993e+000  5.2656661e-002  1.0000000e+000  1.9000000e+001
  1.2884907e+002  1.2010691e+000  5.7777717e-002  1.0000000e+000  2.9000000e+001
  1.4428777e+002  1.1344875e+000  5.0965391e-002  1.0000000e+000  4.9000000e+001
  1.3904240e+002  1.1016809e+000  5.7917008e-002  1.0000000e+000  5.1000000e+001
  4.4130811e+001  1.0289537e+000  5.2478521e-002  1.0000000e+000  5.2000000e+001
  4.9890513e+002  1.0643487e+000  5.3440326e-002  1.0000000e+000  5.5000000e+001
  1.3918563e+002  1.1201019e+000  5.8906030e-002  1.0000000e+000  6.0000000e+001
  1.3034179e+002  1.2579283e+000  5.9859646e-002  2.0000000e+000  5.0000000e+000
  4.1879877e+001  1.2978961e+000  4.7429215e-002  2.0000000e+000  2.6000000e+001
  1.3826470e+002  1.0801087e+000  5.7338440e-002  2.0000000e+000  3.5000000e+001
  1.4411928e+002  1.0874557e+000  5.8552518e-002  2.0000000e+000  3.8000000e+001
  1.4276847e+002  1.2296040e+000  5.5443752e-002  2.0000000e+000  4.5000000e+001
  1.3734228e+002  1.0437282e+000  5.3105795e-002  2.0000000e+000  5.5000000e+001
  1.3478740e+002  1.0869826e+000  5.7559564e-002  2.0000000e+000  5.6000000e+001
  1.3648282e+002  1.0466639e+000  5.1827227e-002  2.0000000e+000  6.0000000e+001
  1.3738246e+002  1.1259218e+000  5.7913342e-002  3.0000000e+000  2.0000000e+000
  1.3739256e+002  1.0441000e+000  5.4034015e-002  3.0000000e+000  3.0000000e+000
  1.4114377e+002  1.1876389e+000  4.6281262e-002  3.0000000e+000  7.0000000e+000
  1.4947692e+002  1.1078483e+000  5.8658537e-002  3.0000000e+000  1.1000000e+001
  1.4655384e+002  1.0344523e+000  4.6696191e-002  3.0000000e+000  2.4000000e+001
  1.3934739e+002  1.0764035e+000  4.9919440e-002  3.0000000e+000  2.6000000e+001
  1.4316412e+002  1.0800700e+000  5.3952182e-002  3.0000000e+000  3.0000000e+001
  1.4551362e+002  1.0450652e+000  5.5117568e-002  3.0000000e+000  3.3000000e+001
  1.3452584e+002  1.0270976e+000  4.8254705e-002  3.0000000e+000  3.8000000e+001
  1.3896981e+002  1.0997157e+000  4.9014643e-002  3.0000000e+000  4.6000000e+001
  1.4602573e+002  1.0633696e+000  5.9070359e-002  3.0000000e+000  5.4000000e+001
  1.4560285e+002  1.1147792e+000  5.7718228e-002  4.0000000e+000  1.2000000e+001
  1.4442455e+002  1.0865339e+000  5.1806246e-002  4.0000000e+000  2.3000000e+001
  1.4295429e+002  1.0388860e+000  5.4349222e-002  4.0000000e+000  2.6000000e+001
  1.4561686e+002  1.0989080e+000  4.5044159e-002  4.0000000e+000  3.6000000e+001
  1.3141047e+002  1.0747411e+000  5.8316979e-002  4.0000000e+000  4.5000000e+001
  1.3899592e+002  1.2217153e+000  4.7742349e-002  4.0000000e+000  5.3000000e+001
  1.4206004e+002  1.0598934e+000  5.3987118e-002  4.0000000e+000  6.8000000e+001
  1.3918434e+002  1.1133240e+000  5.3510919e-002  4.0000000e+000  6.9000000e+001
  6.3615500e+001  1.1262860e+000  5.0483640e-002  4.0000000e+000  7.2000000e+001
  1.4663824e+002  1.0209200e+000  5.9563651e-002  5.0000000e+000  2.0000000e+000
  1.4150300e+002  1.0819856e+000  4.5614908e-002  5.0000000e+000  2.9000000e+001
  1.3979020e+002  1.0498235e+000  5.7472474e-002  5.0000000e+000  3.5000000e+001
  1.4294103e+002  1.1333249e+000  5.3323565e-002  5.0000000e+000  3.7000000e+001
  1.3415730e+002  1.0229053e+000  5.5136038e-002  5.0000000e+000  5.5000000e+001
  1.4929307e+002  1.1069452e+000  5.7809927e-002  5.0000000e+000  6.8000000e+001
  1.3613354e+002  1.1764105e+000  5.7229077e-002  6.0000000e+000  1.2000000e+001
  1.3563405e+002  1.0320681e+000  4.3702685e-002  6.0000000e+000  1.5000000e+001
  1.4884335e+002  1.2195090e+000  5.6813480e-002  6.0000000e+000  2.2000000e+001
  1.4788302e+002  1.0891658e+000  5.4462477e-002  6.0000000e+000  2.5000000e+001
  1.5011431e+002  1.1677958e+000  4.6478088e-002  6.0000000e+000  2.6000000e+001
  1.3704994e+002  1.0568966e+000  5.7048521e-002  6.0000000e+000  4.3000000e+001
  1.4121812e+002  1.1788369e+000  4.6940824e-002  6.0000000e+000  4.6000000e+001
  1.3697897e+002  1.1236634e+000  5.2680796e-002  6.0000000e+000  5.9000000e+001
  1.4016447e+002  1.1620687e+000  5.0542524e-002  6.0000000e+000  6.2000000e+001
  1.4932875e+002  1.2150502e+000  5.6013048e-002  6.0000000e+000  7.0000000e+001
