  1.1478651e+002  1.0516288e+000  7.6362292e-002  1.0000000e+000  7.0000000e+000
  1.1997083e+002  1.2345166e+000  7.2848808e-002  1.0000000e+000  1.3000000e+001
  1.0830427e+002  1.1919906e+000  7.2274637e-002  1.0000000e+000  1.4000000e+001
  1.3030484e+002  1.1376753e+000  3.9033336e-002  1.0000000e+000  3.4000000e+001
  1.1377287e+002  1.2002993e+000  5.5007317e-002  1.0000000e+000  3.8000000e+001
  1.1692403e+002  1.0846107e+000  6.1443946e-002  1.0000000e+000  3.9000000e+001
  1.1061853e+002  1.2979899e+000  3.9495830e-002  1.0000000e+000  4.0000000e+001
  1.1459741e+002  1.1937631e+000  5.8226081e-002  1.0000000e+000  4.2000000e+001
  1.1442496e+002  1.1054342e+000  5.4809619e-002  1.0000000e+000  4.7000000e+001
  1.1546026e+002  1.0748309e+000  6.1230088e-002  1.0000000e+000  4.8000000e+001
  1.1850632e+002  1.2749756e+000  5.9536322e-002  1.0000000e+000  5.0000000e+001
  1.0946488e+002  1.1074213e+000  6.4576271e-002  1.0000000e+000  5.7000000e+001
  1.1329954e+002  1.1231181e+000  7.7494284e-002  1.0000000e+000  5.8000000e+001
  1.0846566e+002  1.0715710e+000  6.5375302e-002  2.0000000e+000  6.0000000e+000
  1.0131731e+002  1.2285289e+000  5.1972911e-002  2.0000000e+000  7.0000000e+000
  1.1087843e+002  1.1539068e+000  7.8292543e-002  2.0000000e+000  1.2000000e+001
  1.0697064e+002  1.1550278e+000  6.9671682e-002  2.0000000e+000  1.6000000e+001
  1.0941381e+002  1.1691026e+000  6.2474711e-002  2.0000000e+000  1.7000000e+001
  1.1408541e+002  1.1445096e+000  6.7327958e-002  2.0000000e+000  2.2000000e+001
  1.0957897e+002  1.2384849e+000  6.2981006e-002  2.0000000e+000  2.4000000e+001
  1.0935028e+002  1.1077692e+000  5.9179787e-002  2.0000000e+000  2.5000000e+001
  1.2613143e+002  1.1198826e+000  6.1913192e-002  2.0000000e+000  3.0000000e+001
  1.2523399e+002  1.0753365e+000  6.1689934e-002  2.0000000e+000  3.1000000e+001
  1.1048540e+002  1.2451549e+000  6.2498677e-002  2.0000000e+000  3.6000000e+001
  1.0781436e+002  1.1197106e+000  6.2768462e-002  2.0000000e+000  3.9000000e+001
  1.1234587e+002  1.1052178e+000  4.7700460e-002  2.0000000e+000  4.1000000e+001
  1.2012548e+002  1.0881344e+000  7.0532723e-002  2.0000000e+000  4.2000000e+001
  1.1431468e+002  1.1779052e+000  6.1935325e-002  2.0000000e+000  4.4000000e+001
  1.1483094e+002  1.2228084e+000  7.4750683e-002  2.0000000e+000  4.5000000e+001
  1.1481109e+002  1.2029202e+000  4.3479560e-002  2.0000000e+000  4.6000000e+001
  1.0005389e+002  1.0495253e+000  4.8106196e-002  3.0000000e+000  1.0000000e+000
  1.0846222e+002  1.1718451e+000  5.4901958e-002  3.0000000e+000  2.0000000e+000
  1.0363370e+002  1.0886713e+000  4.5293917e-002  3.0000000e+000  4.0000000e+000
  1.0387994e+002  1.2200334e+000  4.8272260e-002  3.0000000e+000  5.0000000e+000
  1.0319646e+002  1.0714234e+000  4.8905900e-002  3.0000000e+000  6.0000000e+000
  1.0087090e+002  1.1315369e+000  4.0488785e-002  3.0000000e+000  7.0000000e+000
  1.0482341e+002  1.2602053e+000  5.4601558e-002  3.0000000e+000  8.0000000e+000
  9.9683842e+001  1.1545647e+000  5.1154481e-002  3.0000000e+000  1.2000000e+001
  1.1280057e+002  1.0462124e+000  4.6096666e-002  3.0000000e+000  1.3000000e+001
  9.9573536e+001  1.0723636e+000  3.7339595e-002  3.0000000e+000  1.6000000e+001
  7.9620802e+001  1.1466694e+000  5.2926710e-002  3.0000000e+000  1.8000000e+001
  9.9181062e+001  1.1100401e+000  5.0157305e-002  3.0000000e+000  1.9000000e+001
  9.9792094e+001  1.0761966e+000  4.2857854e-002  3.0000000e+000  2.0000000e+001
  9.7153112e+001  1.2089121e+000  5.5586970e-002  3.0000000e+000  2.4000000e+001
  1.0950278e+002  1.1110371e+000  4.9187902e-002  3.0000000e+000  2.5000000e+001
  1.0231068e+002  1.0670181e+000  4.8878297e-002  3.0000000e+000  2.6000000e+001
  1.0346147e+002  1.1266172e+000  6.5953834e-002  3.0000000e+000  2.7000000e+001
  1.0411674e+002  1.2605377e+000  6.1903338e-002  3.0000000e+000  2.8000000e+001
  1.0327548e+002  1.0352423e+000  4.5257446e-002  3.0000000e+000  2.9000000e+001
  1.0204834e+002  1.1636975e+000  5.5088807e-002  3.0000000e+000  3.0000000e+001
  9.9056189e+001  1.0909013e+000  7.3162244e-002  3.0000000e+000  3.1000000e+001
  1.1391195e+002  1.0082582e+000  7.1458878e-002  3.0000000e+000  3.3000000e+001
  1.0106058e+002  1.1107439e+000  6.4472300e-002  3.0000000e+000  3.4000000e+001
  9.8299184e+001  1.0700093e+000  4.2706026e-002  3.0000000e+000  3.5000000e+001
  1.0358265e+002  1.1936323e+000  5.1528396e-002  3.0000000e+000  3.6000000e+001
  1.0127981e+002  1.0344518e+000  4.1866392e-002  3.0000000e+000  3.7000000e+001
  9.4286697e+001  1.1236482e+000  5.9690295e-002  3.0000000e+000  3.8000000e+001
  1.0010811e+002  1.1598746e+000  3.7246881e-002  3.0000000e+000  4.0000000e+001
  1.0070637e+002  1.1380648e+000  4.5706172e-002  3.0000000e+000  4.4000000e+001
  1.0256139e+002  1.2100424e+000  4.5640203e-002  3.0000000e+000  4.9000000e+001
  1.0088602e+002  1.1730389e+000  4.4113274e-002  3.0000000e+000  5.0000000e+001
  9.9153341e+001  1.0306691e+000  4.1048622e-002  3.0000000e+000  5.2000000e+001
  4.1291783e+001  1.2918959e+000  6.0878209e-002  3.0000000e+000  5.4000000e+001
  1.0624643e+002  1.0529151e+000  4.7158974e-002  3.0000000e+000  5.6000000e+001
  1.0439233e+002  1.0680142e+000  4.7353748e-002  3.0000000e+000  5.8000000e+001
  1.0485854e+002  1.0918152e+000  5.8778496e-002  3.0000000e+000  6.3000000e+001
  1.0632029e+002  1.2893750e+000  6.0480306e-002  3.0000000e+000  6.4000000e+001
  1.0061747e+002  1.1085981e+000  3.6466711e-002  3.0000000e+000  6.5000000e+001
  9.8528648e+001  1.1146758e+000  4.7143692e-002  4.0000000e+000  2.0000000e+000
  9.9535065e+001  1.0211634e+000  5.4390239e-002  4.0000000e+000  5.0000000e+000
  1.0425293e+002  1.0259597e+000  4.4547163e-002  4.0000000e+000  7.0000000e+000
  1.0123784e+002  1.1148529e+000  6.2978019e-002  4.0000000e+000  1.0000000e+001
  9.8151273e+001  1.0921056e+000  6.2452353e-002  4.0000000e+000  1.1000000e+001
  1.0482267e+002  1.1628108e+000  4.7701409e-002  4.0000000e+000  1.2000000e+001
  9.6631298e+001  1.2882123e+000  5.7522675e-002  4.0000000e+000  1.4000000e+001
  1.0163229e+002  1.1045670e+000  4.7561374e-002  4.0000000e+000  1.5000000e+001
  1.0013660e+002  1.2426497e+000  6.1309421e-002  4.0000000e+000  1.7000000e+001
  9.6849188e+001  1.0900885e+000  5.3203763e-002  4.0000000e+000  1.8000000e+001
  9.7141576e+001  1.0512636e+000  5.3159668e-002  4.0000000e+000  1.9000000e+001
  1.0506761e+002  1.0921875e+000  4.6718674e-002  4.0000000e+000  2.0000000e+001
  9.8905333e+001  1.1087498e+000  6.3431937e-002  4.0000000e+000  2.1000000e+001
  1.0425822e+002  1.0677494e+000  5.8971399e-002  4.0000000e+000  2.2000000e+001
  9.9793939e+001  1.2093006e+000  5.2430831e-002  4.0000000e+000  2.3000000e+001
  1.0549075e+002  1.1184105e+000  4.8234610e-002  4.0000000e+000  2.4000000e+001
  3.5186956e+001  1.0514971e+000  7.3786297e-002  4.0000000e+000  2.5000000e+001
  9.9347848e+001  1.0213148e+000  5.9878214e-002  4.0000000e+000  2.6000000e+001
  9.8322019e+001  1.0136570e+000  5.8977734e-002  4.0000000e+000  2.7000000e+001
  1.1616216e+002  1.1508076e+000  4.0292508e-002  4.0000000e+000  2.9000000e+001
  5.5786171e+001  1.2885833e+000  5.9032319e-002  4.0000000e+000  3.1000000e+001
  9.8711048e+001  1.0119889e+000  4.4474006e-002  4.0000000e+000  3.2000000e+001
  1.0576434e+002  1.1173905e+000  4.1807473e-002  4.0000000e+000  3.3000000e+001
  9.8435721e+001  1.1045868e+000  5.0609693e-002  4.0000000e+000  3.4000000e+001
  1.1155663e+002  1.0324579e+000  4.7571474e-002  4.0000000e+000  3.5000000e+001
  1.0253049e+002  1.0970746e+000  6.2169452e-002  4.0000000e+000  3.6000000e+001
  1.0360472e+002  1.2433117e+000  5.6196361e-002  4.0000000e+000  3.7000000e+001
  1.0185890e+002  1.0870278e+000  5.2117846e-002  4.0000000e+000  3.9000000e+001
  9.5372328e+001  1.2254964e+000  6.8471661e-002  4.0000000e+000  4.0000000e+001
  1.0598884e+002  1.0595633e+000  3.9943685e-002  4.0000000e+000  4.1000000e+001
  1.0085013e+002  1.0394132e+000  4.7889547e-002  4.0000000e+000  4.3000000e+001
  1.0448726e+002  1.0380518e+000  5.0718120e-002  4.0000000e+000  4.4000000e+001
  1.2522688e+002  1.0862148e+000  6.0515697e-002  4.0000000e+000  4.6000000e+001
  1.0157987e+002  1.1106179e+000  4.5708182e-002  4.0000000e+000  4.7000000e+001
  1.0053597e+002  1.0601203e+000  5.1259102e-002  4.0000000e+000  4.8000000e+001
  1.0016214e+002  1.1259072e+000  5.7024016e-002  4.0000000e+000  4.9000000e+001
  1.0871588e+002  1.1399348e+000  5.8063410e-002  4.0000000e+000  5.0000000e+001
  3.4594474e+001  1.2699786e+000  4.4925497e-002  4.0000000e+000  5.1000000e+001
  9.9952472e+001  1.1782481e+000  6.3189730e-002  4.0000000e+000  5.2000000e+001
  1.0108241e+002  1.0602367e+000  4.7020605e-002  4.0000000e+000  5.6000000e+001
  9.9425065e+001  1.1687805e+000  5.9326082e-002  4.0000000e+000  5.7000000e+001
  1.0040871e+002  1.1183621e+000  4.1292950e-002  4.0000000e+000  6.2000000e+001
  1.0375604e+002  1.0911763e+000  4.9859479e-002  4.0000000e+000  6.3000000e+001
  1.0147112e+002  1.1555420e+000  5.2732492e-002  4.0000000e+000  6.4000000e+001
  1.0467130e+002  1.0889849e+000  6.1632189e-002  4.0000000e+000  6.6000000e+001
  1.0057611e+002  1.0395241e+000  4.6846926e-002  4.0000000e+000  7.0000000e+001
  1.0329804e+002  1.1059073e+000  5.1390739e-002  4.0000000e+000  7.2000000e+001
  1.0259974e+002  1.0590466e+000  5.1346265e-002  4.0000000e+000  7.3000000e+001
  1.0370500e+002  1.1468719e+000  5.2209206e-002  5.0000000e+000  3.0000000e+000
  1.0509040e+002  1.1424590e+000  5.1084623e-002  5.0000000e+000  6.0000000e+000
  1.0262956e+002  1.1306560e+000  4.4493475e-002  5.0000000e+000  7.0000000e+000
  1.0164351e+002  1.0200407e+000  4.8335148e-002  5.0000000e+000  9.0000000e+000
  1.0626186e+002  1.2366326e+000  5.9846134e-002  5.0000000e+000  1.0000000e+001
  9.9758003e+001  1.1053537e+000  4.6718539e-002  5.0000000e+000  1.1000000e+001
  1.0849636e+002  1.0681279e+000  5.1636035e-002  5.0000000e+000  1.3000000e+001
  8.9740451e+001  1.1020086e+000  7.1217149e-002  5.0000000e+000  1.5000000e+001
  1.0531782e+002  1.1345885e+000  4.3712144e-002  5.0000000e+000  1.6000000e+001
  9.9734760e+001  1.1596375e+000  5.5912038e-002  5.0000000e+000  1.7000000e+001
  1.0314728e+002  1.1427417e+000  5.3514684e-002  5.0000000e+000  1.8000000e+001
  1.0592120e+002  1.0767425e+000  5.5376970e-002  5.0000000e+000  2.1000000e+001
  1.0081863e+002  1.1985002e+000  6.2444890e-002  5.0000000e+000  2.2000000e+001
  1.0381511e+002  1.1960711e+000  5.2067677e-002  5.0000000e+000  2.3000000e+001
  1.0130768e+002  1.0534773e+000  5.7928216e-002  5.0000000e+000  2.4000000e+001
  1.0096367e+002  1.0815814e+000  4.7520046e-002  5.0000000e+000  2.6000000e+001
  9.8651667e+001  1.0959270e+000  5.6355783e-002  5.0000000e+000  2.7000000e+001
  4.4733693e+001  1.1392351e+000  5.9679000e-002  5.0000000e+000  2.8000000e+001
  1.0390426e+002  1.1397502e+000  7.1325683e-002  5.0000000e+000  2.9000000e+001
  1.0114880e+002  1.0299846e+000  5.2094832e-002  5.0000000e+000  3.0000000e+001
  1.0522313e+002  1.2448305e+000  5.2553792e-002  5.0000000e+000  3.1000000e+001
  1.0444863e+002  1.0515849e+000  5.5969868e-002  5.0000000e+000  3.3000000e+001
  1.0037676e+002  1.0641882e+000  5.0095110e-002  5.0000000e+000  3.6000000e+001
  1.0337695e+002  1.0465236e+000  5.0688278e-002  5.0000000e+000  3.7000000e+001
  1.0537450e+002  1.0869307e+000  6.8083101e-002  5.0000000e+000  3.8000000e+001
  1.0216708e+002  1.1037903e+000  4.4228671e-002  5.0000000e+000  3.9000000e+001
  1.0970657e+002  1.0593699e+000  4.8581294e-002  5.0000000e+000  4.1000000e+001
  1.0206934e+002  1.0943749e+000  4.8956872e-002  5.0000000e+000  4.3000000e+001
  1.0413847e+002  1.0977305e+000  5.6488613e-002  5.0000000e+000  4.5000000e+001
  1.0114259e+002  1.0620060e+000  5.5268878e-002  5.0000000e+000  4.6000000e+001
  9.9753801e+001  1.2452514e+000  4.5719660e-002  5.0000000e+000  5.0000000e+001
  1.0289217e+002  1.2033063e+000  4.0399720e-002  5.0000000e+000  5.1000000e+001
  1.0049058e+002  1.1993721e+000  4.4660581e-002  5.0000000e+000  5.5000000e+001
  1.0385782e+002  1.1368197e+000  3.2450803e-002  5.0000000e+000  5.6000000e+001
  1.1229069e+002  1.1052645e+000  4.8309926e-002  5.0000000e+000  5.7000000e+001
  1.8685233e+002  1.0436414e+000  6.9005084e-002  6.0000000e+000  1.0000000e+000
  1.0141914e+002  1.0397231e+000  6.9358468e-002  6.0000000e+000  4.0000000e+000
  1.0373607e+002  1.1610888e+000  6.3320138e-002  6.0000000e+000  6.0000000e+000
  1.0594861e+002  1.1466227e+000  5.4394358e-002  6.0000000e+000  7.0000000e+000
  1.0188936e+002  1.1387175e+000  5.7099810e-002  6.0000000e+000  9.0000000e+000
  1.0612501e+002  1.2185885e+000  6.3412069e-002  6.0000000e+000  1.0000000e+001
  1.0355534e+002  1.2489323e+000  4.8813105e-002  6.0000000e+000  1.3000000e+001
  1.0249945e+002  1.1162281e+000  6.5055409e-002  6.0000000e+000  1.6000000e+001
  1.0229778e+002  1.0978711e+000  4.6828502e-002  6.0000000e+000  1.7000000e+001
  1.0202936e+002  1.0523932e+000  6.0020829e-002  6.0000000e+000  1.9000000e+001
  1.0786760e+002  1.0704508e+000  5.3595015e-002  6.0000000e+000  2.0000000e+001
  1.0296538e+002  1.1013831e+000  4.6480958e-002  6.0000000e+000  2.1000000e+001
  1.0629993e+002  1.0194591e+000  3.7748722e-002  6.0000000e+000  2.2000000e+001
  1.0493450e+002  1.1063818e+000  5.5940539e-002  6.0000000e+000  2.3000000e+001
  1.0301894e+002  1.0553300e+000  6.5569309e-002  6.0000000e+000  2.4000000e+001
  1.1008068e+002  1.1257805e+000  6.6955958e-002  6.0000000e+000  2.5000000e+001
  4.4661778e+001  1.2122160e+000  5.9209799e-002  6.0000000e+000  2.6000000e+001
  1.0497758e+002  1.0336333e+000  6.5921579e-002  6.0000000e+000  2.7000000e+001
  1.0641982e+002  1.1293091e+000  4.7371766e-002  6.0000000e+000  2.9000000e+001
  1.0575386e+002  1.0438519e+000  4.9010370e-002  6.0000000e+000  3.0000000e+001
  9.9314773e+001  1.2571511e+000  6.1822142e-002  6.0000000e+000  3.1000000e+001
  1.0683308e+002  1.1732951e+000  5.3335173e-002  6.0000000e+000  3.2000000e+001
  1.0216519e+002  1.2826728e+000  4.4310860e-002  6.0000000e+000  3.3000000e+001
  1.0235335e+002  1.2938654e+000  6.6550101e-002  6.0000000e+000  3.4000000e+001
  1.1429984e+002  1.2944086e+000  4.8814142e-002  6.0000000e+000  3.5000000e+001
  9.9571713e+001  1.0353326e+000  6.1059612e-002  6.0000000e+000  3.6000000e+001
  1.0894817e+002  1.0427118e+000  5.8022247e-002  6.0000000e+000  3.7000000e+001
  1.0291150e+002  1.0462424e+000  5.3748286e-002  6.0000000e+000  3.8000000e+001
  1.0330795e+002  1.0853632e+000  4.0241884e-002  6.0000000e+000  3.9000000e+001
  1.0707536e+002  1.0491723e+000  3.8995617e-002  6.0000000e+000  4.0000000e+001
  1.1122276e+002  1.1138941e+000  4.8806046e-002  6.0000000e+000  4.3000000e+001
  3.3159661e+001  1.1550303e+000  7.8121297e-002  6.0000000e+000  4.5000000e+001
  9.8093441e+001  1.1008056e+000  6.0545085e-002  6.0000000e+000  4.7000000e+001
  9.6006262e+001  1.1858260e+000  5.8387594e-002  6.0000000e+000  4.8000000e+001
  1.0835484e+002  1.0478951e+000  4.6019077e-002  6.0000000e+000  4.9000000e+001
  1.0853039e+002  1.0307829e+000  6.3633884e-002  6.0000000e+000  5.0000000e+001
  1.0357859e+002  1.1042869e+000  5.0216081e-002  6.0000000e+000  5.4000000e+001
  1.0023139e+002  1.2712798e+000  5.9224554e-002  6.0000000e+000  5.6000000e+001
  1.0125170e+002  1.1169973e+000  5.8254977e-002  6.0000000e+000  5.7000000e+001
  4.9298177e+002  1.0650111e+000  5.5318409e-002  6.0000000e+000  6.0000000e+001
  1.0367580e+002  1.2406563e+000  4.6612682e-002  6.0000000e+000  6.2000000e+001
