  1.4198560e+002  1.0962885e+000  4.8799588e-002  1.0000000e+000  2.5000000e+001
  1.5623319e+002  1.1167110e+000  5.9000382e-002  1.0000000e+000  2.8000000e+001
  1.4615701e+002  1.0315490e+000  5.9308327e-002  1.0000000e+000  3.4000000e+001
  4.7202319e+001  1.1578967e+000  5.7110228e-002  1.0000000e+000  3.7000000e+001
  1.4848856e+002  1.0117733e+000  5.2755535e-002  1.0000000e+000  4.2000000e+001
  1.4670658e+002  1.0394438e+000  5.6406117e-002  1.0000000e+000  5.8000000e+001
  1.5112527e+002  1.1380965e+000  5.1184062e-002  2.0000000e+000  1.0000000e+000
  1.4581785e+002  1.0828339e+000  4.8843456e-002  2.0000000e+000  6.0000000e+000
  2.9932374e+001  1.1331950e+000  5.9896811e-002  2.0000000e+000  2.1000000e+001
  1.4550060e+002  1.0659998e+000  5.4575540e-002  2.0000000e+000  2.3000000e+001
  1.5233515e+002  1.0419139e+000  5.2539611e-002  2.0000000e+000  5.0000000e+001
  4.3864186e+001  1.2633360e+000  5.1102932e-002  2.0000000e+000  5.8000000e+001
  1.5239309e+002  1.0410810e+000  4.5611938e-002  2.0000000e+000  6.3000000e+001
  3.0519946e+001  1.2607510e+000  5.2351181e-002  3.0000000e+000  1.2000000e+001
  1.4622626e+002  1.0540457e+000  5.8494728e-002  3.0000000e+000  1.8000000e+001
  1.4291004e+002  1.2231463e+000  5.3405143e-002  3.0000000e+000  2.2000000e+001
  1.4538526e+002  1.0753308e+000  5.3645091e-002  3.0000000e+000  2.3000000e+001
  1.5206543e+002  1.0610623e+000  5.5234840e-002  3.0000000e+000  2.5000000e+001
  1.3297069e+002  1.1500423e+000  5.2443867e-002  3.0000000e+000  2.6000000e+001
  1.4857315e+002  1.1569078e+000  5.3880725e-002  3.0000000e+000  3.1000000e+001
  1.4627858e+002  1.0800110e+000  5.7801107e-002  3.0000000e+000  3.3000000e+001
  1.5310961e+002  1.0128533e+000  5.5265650e-002  3.0000000e+000  3.6000000e+001
  1.3992475e+002  1.1695572e+000  5.2631725e-002  3.0000000e+000  4.3000000e+001
  1.5078283e+002  1.0403989e+000  5.8807978e-002  3.0000000e+000  4.6000000e+001
  1.4838523e+002  1.1841860e+000  5.4526684e-002  3.0000000e+000  4.8000000e+001
  1.5800349e+002  1.1113669e+000  5.8088477e-002  4.0000000e+000  3.0000000e+000
  1.3971095e+002  1.0713562e+000  5.9693581e-002  4.0000000e+000  8.0000000e+000
  1.4462005e+002  1.0626768e+000  5.5310955e-002  4.0000000e+000  1.3000000e+001
  1.5897761e+002  1.1861201e+000  5.7114536e-002  4.0000000e+000  2.7000000e+001
  1.5054417e+002  1.0333356e+000  5.1096651e-002  4.0000000e+000  2.9000000e+001
  1.4217099e+002  1.0434462e+000  5.6640904e-002  4.0000000e+000  3.6000000e+001
  1.5382228e+002  1.0216375e+000  5.7074343e-002  4.0000000e+000  3.9000000e+001
  1.4862856e+002  1.0219965e+000  5.8729786e-002  4.0000000e+000  4.2000000e+001
  1.5856828e+002  1.0920395e+000  5.1292784e-002  4.0000000e+000  4.6000000e+001
  1.3854867e+002  1.0030277e+000  5.1293508e-002  4.0000000e+000  4.9000000e+001
  1.3958820e+002  1.1512661e+000  5.3412278e-002  4.0000000e+000  5.5000000e+001
  1.4436861e+002  1.0452564e+000  5.7320827e-002  4.0000000e+000  5.8000000e+001
  1.4263389e+002  1.0832933e+000  5.4455244e-002  4.0000000e+000  6.0000000e+001
  1.4796289e+002  1.0826647e+000  5.5424434e-002  5.0000000e+000  1.6000000e+001
  1.4638460e+002  1.0728241e+000  4.3114845e-002  5.0000000e+000  1.7000000e+001
  1.5367165e+002  1.0655655e+000  4.6208189e-002  5.0000000e+000  2.0000000e+001
  1.4886686e+002  1.1417849e+000  5.4341398e-002  5.0000000e+000  2.6000000e+001
  6.1772856e+001  1.2029932e+000  4.9689421e-002  5.0000000e+000  3.6000000e+001
  1.3949263e+002  1.0028559e+000  4.7633387e-002  5.0000000e+000  3.8000000e+001
  1.5933303e+002  1.0709923e+000  4.4029699e-002  5.0000000e+000  4.0000000e+001
  1.4554216e+002  1.0198365e+000  5.1005827e-002  5.0000000e+000  4.5000000e+001
  1.5463134e+002  1.0508885e+000  3.7092422e-002  5.0000000e+000  4.8000000e+001
  1.5864983e+002  1.0971224e+000  5.0798544e-002  6.0000000e+000  6.0000000e+000
  1.4305781e+002  1.0996405e+000  5.5760224e-002  6.0000000e+000  1.5000000e+001
  1.4894212e+002  1.1066948e+000  4.8730560e-002  6.0000000e+000  3.6000000e+001
  1.5168026e+002  1.0627389e+000  5.7291371e-002  6.0000000e+000  4.0000000e+001
  1.4964834e+002  1.0702807e+000  5.7119485e-002  6.0000000e+000  4.4000000e+001
  1.4771664e+002  1.0386119e+000  5.1251099e-002  6.0000000e+000  4.6000000e+001
  1.6406423e+002  1.0865998e+000  4.5996490e-002  6.0000000e+000  4.8000000e+001
  1.3973440e+002  1.0836632e+000  5.9967131e-002  6.0000000e+000  5.0000000e+001
  1.4642118e+002  1.0496925e+000  5.9709393e-002  7.0000000e+000  5.0000000e+000
  1.6113901e+002  1.0647119e+000  5.4047748e-002  7.0000000e+000  1.2000000e+001
  1.4741765e+002  1.0156209e+000  4.9958034e-002  7.0000000e+000  1.5000000e+001
  1.5597562e+002  1.1024634e+000  5.1975789e-002  7.0000000e+000  2.7000000e+001
  3.4229476e+001  1.2887623e+000  4.7849571e-002  7.0000000e+000  2.8000000e+001
  1.4221279e+002  1.1153729e+000  5.8323023e-002  7.0000000e+000  3.0000000e+001
  1.4664616e+002  1.1232871e+000  5.2417318e-002  7.0000000e+000  3.4000000e+001
  1.4253468e+002  1.0604177e+000  5.7298684e-002  7.0000000e+000  3.5000000e+001
  1.5152909e+002  1.1198492e+000  5.8042731e-002  7.0000000e+000  3.8000000e+001
  1.4520677e+002  1.0817032e+000  4.6708011e-002  7.0000000e+000  3.9000000e+001
  1.4642085e+002  1.1280020e+000  5.9358965e-002  7.0000000e+000  4.9000000e+001
  1.4457508e+002  1.0926988e+000  5.8547400e-002  7.0000000e+000  5.6000000e+001
  3.0626423e+001  1.0147894e+000  5.8725289e-002  7.0000000e+000  6.1000000e+001
