  8.7930185e+001  1.2911155e+000  4.6282002e-002  1.0000000e+000  4.0000000e+000
  9.8687357e+001  1.0499111e+000  4.5926088e-002  1.0000000e+000  5.0000000e+000
  9.7568431e+001  1.1012600e+000  3.6028554e-002  1.0000000e+000  6.0000000e+000
  9.7127575e+001  1.2339915e+000  4.6829581e-002  1.0000000e+000  7.0000000e+000
  3.2855539e+001  1.1926327e+000  6.2686517e-002  1.0000000e+000  8.0000000e+000
  9.4786815e+001  1.2710685e+000  5.0782224e-002  1.0000000e+000  9.0000000e+000
  9.7512954e+001  1.1623377e+000  4.4243326e-002  1.0000000e+000  1.2000000e+001
  4.1596342e+001  1.1520052e+000  6.5435475e-002  1.0000000e+000  1.3000000e+001
  9.5678534e+001  1.1841441e+000  4.2282569e-002  1.0000000e+000  1.5000000e+001
  9.3196604e+001  1.0518939e+000  5.0009141e-002  1.0000000e+000  1.6000000e+001
  1.0336567e+002  1.0714546e+000  4.3508798e-002  1.0000000e+000  1.7000000e+001
  1.0064614e+002  1.0480226e+000  4.0179503e-002  1.0000000e+000  2.0000000e+001
  9.3974221e+001  1.2563821e+000  4.7995325e-002  1.0000000e+000  2.1000000e+001
  9.7961096e+001  1.0827973e+000  4.3555160e-002  1.0000000e+000  2.2000000e+001
  9.9111805e+001  1.2604480e+000  6.0793635e-002  1.0000000e+000  2.3000000e+001
  9.7832795e+001  1.2067374e+000  5.3119203e-002  1.0000000e+000  2.4000000e+001
  9.6951008e+001  1.0135619e+000  4.3674327e-002  1.0000000e+000  2.6000000e+001
  1.0142481e+002  1.0297764e+000  4.6990513e-002  1.0000000e+000  2.7000000e+001
  9.6065935e+001  1.0525345e+000  5.7437646e-002  1.0000000e+000  2.8000000e+001
  9.6236042e+001  1.0777814e+000  3.8959843e-002  1.0000000e+000  3.0000000e+001
  9.6545120e+001  1.0404410e+000  4.6648400e-002  1.0000000e+000  3.1000000e+001
  1.0471300e+002  1.0638965e+000  4.8893533e-002  1.0000000e+000  3.2000000e+001
  9.9490053e+001  1.0694084e+000  5.1756652e-002  1.0000000e+000  3.3000000e+001
  9.7472423e+001  1.0499860e+000  5.1363057e-002  1.0000000e+000  3.4000000e+001
  9.5006028e+001  1.1102736e+000  4.8079416e-002  1.0000000e+000  3.6000000e+001
  9.5933319e+001  1.1313897e+000  4.3073152e-002  1.0000000e+000  3.7000000e+001
  9.8077950e+001  1.1468532e+000  4.1317280e-002  1.0000000e+000  3.8000000e+001
  9.7660917e+001  1.0729828e+000  5.9729176e-002  1.0000000e+000  3.9000000e+001
  1.0099961e+002  1.2751598e+000  5.0199509e-002  1.0000000e+000  4.0000000e+001
  9.7532089e+001  1.0952921e+000  4.4936891e-002  1.0000000e+000  4.4000000e+001
  9.2778227e+001  1.1057444e+000  5.1444681e-002  1.0000000e+000  4.5000000e+001
  9.4842835e+001  1.1374290e+000  4.6530179e-002  1.0000000e+000  4.6000000e+001
  9.7659582e+001  1.0978982e+000  5.4551656e-002  1.0000000e+000  4.7000000e+001
  9.3171400e+001  1.1415468e+000  5.2204318e-002  1.0000000e+000  4.8000000e+001
  1.0080965e+002  1.2470235e+000  5.0331203e-002  1.0000000e+000  4.9000000e+001
  1.0174502e+002  1.0655532e+000  4.2622103e-002  1.0000000e+000  5.0000000e+001
  1.0427111e+002  1.0450089e+000  4.1553982e-002  1.0000000e+000  5.1000000e+001
  9.6627217e+001  1.0941921e+000  4.4703215e-002  1.0000000e+000  5.2000000e+001
  9.9491611e+001  1.1384765e+000  4.4679246e-002  1.0000000e+000  5.3000000e+001
  9.7892284e+001  1.0612185e+000  4.2500153e-002  1.0000000e+000  5.4000000e+001
  9.1241729e+001  1.1092616e+000  5.4246178e-002  1.0000000e+000  5.5000000e+001
  1.0038620e+002  1.0212850e+000  4.3552649e-002  1.0000000e+000  5.7000000e+001
  1.0159922e+002  1.0171398e+000  5.0040971e-002  1.0000000e+000  5.9000000e+001
  9.2231317e+001  1.1621170e+000  5.4196516e-002  2.0000000e+000  1.0000000e+000
  9.4442084e+001  1.1852919e+000  4.3151484e-002  2.0000000e+000  3.0000000e+000
  9.4898805e+001  1.0696389e+000  5.2722931e-002  2.0000000e+000  4.0000000e+000
  9.8357565e+001  1.1424703e+000  4.1827827e-002  2.0000000e+000  6.0000000e+000
  9.6721023e+001  1.0566300e+000  4.8111813e-002  2.0000000e+000  7.0000000e+000
  1.0106690e+002  1.1240599e+000  4.3026419e-002  2.0000000e+000  8.0000000e+000
  9.6155179e+001  1.1208048e+000  4.1320504e-002  2.0000000e+000  1.0000000e+001
  9.9784480e+001  1.1289833e+000  3.8615019e-002  2.0000000e+000  1.1000000e+001
  9.3727811e+001  1.0963410e+000  5.3217494e-002  2.0000000e+000  1.2000000e+001
  1.0371379e+002  1.1902277e+000  6.8603170e-002  2.0000000e+000  1.4000000e+001
  9.3948458e+001  1.0316628e+000  4.4193658e-002  2.0000000e+000  1.5000000e+001
  9.7927026e+001  1.1855010e+000  5.3183179e-002  2.0000000e+000  1.6000000e+001
  9.6111965e+001  1.1610347e+000  5.7234037e-002  2.0000000e+000  1.7000000e+001
  9.4630719e+001  1.0434953e+000  4.2341095e-002  2.0000000e+000  1.8000000e+001
  9.5120506e+001  1.1770501e+000  4.2488851e-002  2.0000000e+000  1.9000000e+001
  1.0026578e+002  1.0274431e+000  4.1106884e-002  2.0000000e+000  2.0000000e+001
  8.5545165e+001  1.0854410e+000  4.2971449e-002  2.0000000e+000  2.1000000e+001
  1.0636044e+002  1.1000510e+000  4.8398681e-002  2.0000000e+000  2.2000000e+001
  9.7095553e+001  1.0370231e+000  5.0710351e-002  2.0000000e+000  2.6000000e+001
  9.5682891e+001  1.1964278e+000  3.5490779e-002  2.0000000e+000  2.7000000e+001
  1.0231920e+002  1.0260286e+000  5.0101968e-002  2.0000000e+000  2.8000000e+001
  9.6731103e+001  1.2298298e+000  4.0539629e-002  2.0000000e+000  3.4000000e+001
  9.4625787e+001  1.0195364e+000  7.6100193e-002  2.0000000e+000  3.5000000e+001
  9.6582201e+001  1.0245838e+000  3.3489673e-002  2.0000000e+000  3.8000000e+001
  9.9248959e+001  1.0469136e+000  5.3036580e-002  2.0000000e+000  3.9000000e+001
  9.8893127e+001  1.0459993e+000  4.1315445e-002  2.0000000e+000  4.0000000e+001
  9.6451854e+001  1.0194269e+000  4.6270293e-002  2.0000000e+000  4.1000000e+001
  9.6081333e+001  1.2967327e+000  3.5199311e-002  2.0000000e+000  4.3000000e+001
  1.0176105e+002  1.1464654e+000  4.4551085e-002  2.0000000e+000  4.4000000e+001
  9.7901450e+001  1.1427875e+000  4.9645263e-002  2.0000000e+000  4.6000000e+001
  1.0096103e+002  1.0892055e+000  4.6162730e-002  2.0000000e+000  4.8000000e+001
  1.0093212e+002  1.1135790e+000  4.4803575e-002  2.0000000e+000  5.1000000e+001
  9.7224005e+001  1.1324999e+000  5.2490412e-002  2.0000000e+000  5.3000000e+001
  9.6834787e+001  1.1432065e+000  4.6729102e-002  2.0000000e+000  5.4000000e+001
  1.0017747e+002  1.0850937e+000  5.0171679e-002  2.0000000e+000  5.5000000e+001
  1.3254828e+002  1.1660668e+000  4.5244261e-002  2.0000000e+000  5.7000000e+001
  9.5318950e+001  1.1661120e+000  5.4891963e-002  2.0000000e+000  6.0000000e+001
  9.8066724e+001  1.0919959e+000  5.0758231e-002  2.0000000e+000  6.2000000e+001
  1.0419919e+002  1.0384069e+000  5.0542825e-002  2.0000000e+000  6.3000000e+001
  9.8000797e+001  1.1950562e+000  4.6239445e-002  2.0000000e+000  6.4000000e+001
  9.9030406e+001  1.1036963e+000  3.7572374e-002  2.0000000e+000  6.8000000e+001
  9.4483543e+001  1.0360427e+000  4.5909331e-002  2.0000000e+000  6.9000000e+001
  9.5114640e+001  1.1408819e+000  4.5240495e-002  2.0000000e+000  7.1000000e+001
  1.0227058e+002  1.1103332e+000  4.5931503e-002  2.0000000e+000  7.2000000e+001
  9.4706899e+001  1.0744049e+000  5.0325144e-002  2.0000000e+000  7.3000000e+001
  9.6911370e+001  1.1422321e+000  4.2312665e-002  2.0000000e+000  7.5000000e+001
  9.6570291e+001  1.2174104e+000  3.9162636e-002  2.0000000e+000  7.6000000e+001
  9.4291632e+001  1.0465884e+000  6.4464476e-002  3.0000000e+000  1.0000000e+000
  1.0002481e+002  1.1364589e+000  4.5909154e-002  3.0000000e+000  3.0000000e+000
  9.7105874e+001  1.0580735e+000  5.1224131e-002  3.0000000e+000  4.0000000e+000
  9.5908900e+001  1.2071657e+000  4.7039828e-002  3.0000000e+000  5.0000000e+000
  9.6508778e+001  1.0912366e+000  4.6955066e-002  3.0000000e+000  6.0000000e+000
  9.9362646e+001  1.0406060e+000  4.3761027e-002  3.0000000e+000  7.0000000e+000
  9.9088388e+001  1.0660368e+000  5.3737139e-002  3.0000000e+000  9.0000000e+000
  9.5660228e+001  1.0277077e+000  5.4201896e-002  3.0000000e+000  1.0000000e+001
  9.8111315e+001  1.0848724e+000  4.3673838e-002  3.0000000e+000  1.2000000e+001
  9.8492390e+001  1.1107811e+000  6.1724813e-002  3.0000000e+000  1.3000000e+001
  9.8831326e+001  1.1820667e+000  5.1299231e-002  3.0000000e+000  2.1000000e+001
  1.0157782e+002  1.2513834e+000  4.3907670e-002  3.0000000e+000  2.2000000e+001
  9.9461745e+001  1.1049615e+000  5.0463647e-002  3.0000000e+000  2.3000000e+001
  9.9273375e+001  1.0732360e+000  6.2072539e-002  3.0000000e+000  2.5000000e+001
  9.7595882e+001  1.1528317e+000  5.5274801e-002  3.0000000e+000  2.6000000e+001
  1.0013772e+002  1.0421095e+000  4.6966347e-002  3.0000000e+000  2.8000000e+001
  1.0020327e+002  1.1531815e+000  5.0334856e-002  3.0000000e+000  3.3000000e+001
  1.0082501e+002  1.0708753e+000  5.0201641e-002  3.0000000e+000  3.4000000e+001
  9.6949308e+001  1.1450997e+000  3.4569468e-002  3.0000000e+000  3.7000000e+001
  9.7746990e+001  1.1242049e+000  5.1877241e-002  3.0000000e+000  3.8000000e+001
  1.0305569e+002  1.0438082e+000  4.3405665e-002  3.0000000e+000  3.9000000e+001
  9.6025621e+001  1.0629273e+000  5.5862085e-002  3.0000000e+000  4.0000000e+001
  9.7985427e+001  1.0736878e+000  4.3270459e-002  3.0000000e+000  4.2000000e+001
  9.8422381e+001  1.1445584e+000  4.7530995e-002  3.0000000e+000  4.4000000e+001
  1.0201903e+002  1.1366493e+000  5.2518725e-002  3.0000000e+000  4.5000000e+001
  9.7087670e+001  1.1740554e+000  3.8088143e-002  3.0000000e+000  4.7000000e+001
  9.4380844e+001  1.2087455e+000  4.4688426e-002  3.0000000e+000  4.8000000e+001
  9.6421109e+001  1.0671321e+000  4.3731011e-002  3.0000000e+000  4.9000000e+001
  1.0085109e+002  1.1209188e+000  4.0487500e-002  3.0000000e+000  5.0000000e+001
  9.6892787e+001  1.1234161e+000  5.7031061e-002  3.0000000e+000  5.5000000e+001
  9.5575391e+001  1.0706535e+000  5.8592643e-002  4.0000000e+000  1.0000000e+000
  9.2975190e+001  1.1023973e+000  5.1709268e-002  4.0000000e+000  3.0000000e+000
  9.2647372e+001  1.2816086e+000  3.7532402e-002  4.0000000e+000  4.0000000e+000
  9.5516595e+001  1.1087104e+000  3.4362519e-002  4.0000000e+000  6.0000000e+000
  9.7851120e+001  1.1528193e+000  5.3001440e-002  4.0000000e+000  9.0000000e+000
  9.9436037e+001  1.0519387e+000  5.2113213e-002  4.0000000e+000  1.2000000e+001
  9.9939023e+001  1.0663546e+000  5.4078335e-002  4.0000000e+000  1.4000000e+001
  9.3974821e+001  1.0472791e+000  5.0122216e-002  4.0000000e+000  1.6000000e+001
  9.9156127e+001  1.0905393e+000  5.4374797e-002  4.0000000e+000  1.7000000e+001
  9.5154683e+001  1.0864388e+000  4.0474923e-002  4.0000000e+000  1.8000000e+001
  1.3829721e+002  1.1217521e+000  6.2864340e-002  4.0000000e+000  2.1000000e+001
  1.0693102e+002  1.1415391e+000  4.5029899e-002  4.0000000e+000  2.5000000e+001
  9.8134733e+001  1.1151403e+000  4.9130654e-002  4.0000000e+000  2.7000000e+001
  9.5125870e+001  1.1348635e+000  4.9291259e-002  4.0000000e+000  2.8000000e+001
  7.0250819e+001  1.1173406e+000  6.0578419e-002  4.0000000e+000  2.9000000e+001
  9.1854702e+001  1.0371888e+000  5.3048112e-002  4.0000000e+000  3.0000000e+001
  9.3440296e+001  1.1282820e+000  5.7954065e-002  4.0000000e+000  3.2000000e+001
  1.0261775e+002  1.0998751e+000  3.6553910e-002  4.0000000e+000  3.4000000e+001
  3.1784088e+001  1.0641429e+000  6.3317752e-002  4.0000000e+000  3.5000000e+001
  9.8108437e+001  1.1038590e+000  4.7712792e-002  4.0000000e+000  3.6000000e+001
  1.0284680e+002  1.1505505e+000  4.6204654e-002  4.0000000e+000  3.7000000e+001
  9.8210366e+001  1.1496171e+000  5.3681674e-002  4.0000000e+000  4.1000000e+001
  9.5424668e+001  1.0461176e+000  4.6170782e-002  4.0000000e+000  4.2000000e+001
  1.0176694e+002  1.0821617e+000  4.0288188e-002  4.0000000e+000  4.4000000e+001
  9.4534249e+001  1.2226613e+000  5.2595520e-002  4.0000000e+000  4.5000000e+001
  9.5874472e+001  1.2102531e+000  4.1418528e-002  4.0000000e+000  4.6000000e+001
  9.7833624e+001  1.1042339e+000  5.2307831e-002  4.0000000e+000  4.8000000e+001
  9.8250270e+001  1.2366900e+000  4.6709845e-002  4.0000000e+000  5.0000000e+001
  1.0007306e+002  1.0482954e+000  6.3483635e-002  4.0000000e+000  5.1000000e+001
  9.5504758e+001  1.1761352e+000  3.7734896e-002  4.0000000e+000  5.2000000e+001
  9.3655144e+001  1.0850106e+000  4.8345730e-002  4.0000000e+000  5.3000000e+001
  9.8971124e+001  1.1767814e+000  6.0393754e-002  4.0000000e+000  5.4000000e+001
  3.5794508e+001  1.0880907e+000  6.6767304e-002  4.0000000e+000  5.7000000e+001
  9.6679499e+001  1.0151701e+000  4.2402308e-002  4.0000000e+000  5.8000000e+001
  9.5485481e+001  1.1248001e+000  5.0023575e-002  4.0000000e+000  6.1000000e+001
  1.0234808e+002  1.2207674e+000  6.3909281e-002  5.0000000e+000  1.0000000e+000
  9.8632116e+001  1.0738847e+000  4.9510521e-002  5.0000000e+000  4.0000000e+000
  9.8358524e+001  1.0590694e+000  4.1385166e-002  5.0000000e+000  5.0000000e+000
  1.0090649e+002  1.0903636e+000  6.1056698e-002  5.0000000e+000  6.0000000e+000
  1.0035921e+002  1.0658820e+000  4.8403938e-002  5.0000000e+000  7.0000000e+000
  9.8009099e+001  1.1597002e+000  6.7800781e-002  5.0000000e+000  8.0000000e+000
  9.6327493e+001  1.0899922e+000  4.3830954e-002  5.0000000e+000  1.0000000e+001
  9.2223372e+001  1.1774694e+000  5.3118875e-002  5.0000000e+000  1.1000000e+001
  9.9811675e+001  1.1742480e+000  4.2780316e-002  5.0000000e+000  1.2000000e+001
  1.0011249e+002  1.0624343e+000  4.9086752e-002  5.0000000e+000  1.3000000e+001
  9.5698824e+001  1.0748342e+000  4.1295879e-002  5.0000000e+000  1.5000000e+001
  1.0351612e+002  1.0344593e+000  5.3048818e-002  5.0000000e+000  1.6000000e+001
  9.3059589e+001  1.1360779e+000  4.8925457e-002  5.0000000e+000  1.7000000e+001
  1.0029861e+002  1.0602440e+000  4.2580722e-002  5.0000000e+000  1.8000000e+001
  9.6817859e+001  1.0546192e+000  6.2426772e-002  5.0000000e+000  2.1000000e+001
  9.6012264e+001  1.2174024e+000  4.6365486e-002  5.0000000e+000  2.2000000e+001
  9.7099397e+001  1.1049241e+000  4.3869392e-002  5.0000000e+000  2.4000000e+001
  1.0180546e+002  1.2762206e+000  6.2523181e-002  5.0000000e+000  2.5000000e+001
  9.6723002e+001  1.1317744e+000  4.3234336e-002  5.0000000e+000  2.6000000e+001
  1.0125920e+002  1.1437105e+000  7.6821835e-002  5.0000000e+000  2.9000000e+001
  9.9517655e+001  1.0430916e+000  4.4353651e-002  5.0000000e+000  3.0000000e+001
  9.9444123e+001  1.0390408e+000  5.2359615e-002  5.0000000e+000  3.1000000e+001
  1.0027428e+002  1.0874622e+000  4.9335481e-002  5.0000000e+000  3.3000000e+001
  1.0300417e+002  1.1172763e+000  5.3216828e-002  5.0000000e+000  3.4000000e+001
  9.8612395e+001  1.1493587e+000  4.6149681e-002  5.0000000e+000  3.6000000e+001
  9.8011774e+001  1.1008348e+000  4.8689817e-002  5.0000000e+000  3.9000000e+001
  9.9962996e+001  1.0452512e+000  4.6313741e-002  5.0000000e+000  4.0000000e+001
  9.3754918e+001  1.0664804e+000  6.1076438e-002  5.0000000e+000  4.1000000e+001
  1.0260415e+002  1.1071609e+000  4.8619981e-002  5.0000000e+000  4.2000000e+001
  1.0375341e+002  1.1375036e+000  5.5231637e-002  5.0000000e+000  4.3000000e+001
  1.0094148e+002  1.1299895e+000  5.1977278e-002  5.0000000e+000  4.4000000e+001
  9.6852589e+001  1.1466696e+000  3.7511117e-002  5.0000000e+000  4.6000000e+001
  9.7476410e+001  1.1212992e+000  4.4891359e-002  5.0000000e+000  4.7000000e+001
  1.0365847e+002  1.0752455e+000  4.9135757e-002  5.0000000e+000  4.8000000e+001
  1.0024653e+002  1.0146146e+000  4.8528109e-002  5.0000000e+000  4.9000000e+001
  1.0086684e+002  1.1218801e+000  4.3003840e-002  5.0000000e+000  5.0000000e+001
  1.0001174e+002  1.1061744e+000  4.2881375e-002  5.0000000e+000  5.4000000e+001
  1.0332043e+002  1.0970417e+000  4.3531389e-002  5.0000000e+000  5.5000000e+001
  1.0294934e+002  1.1354527e+000  3.5676031e-002  5.0000000e+000  5.6000000e+001
  1.0007675e+002  1.1155168e+000  5.1639882e-002  6.0000000e+000  1.0000000e+000
  1.0519987e+002  1.1179919e+000  5.3160367e-002  6.0000000e+000  2.0000000e+000
  1.0001408e+002  1.0339534e+000  5.5482295e-002  6.0000000e+000  5.0000000e+000
  9.3413266e+001  1.1594947e+000  5.5745685e-002  6.0000000e+000  6.0000000e+000
  9.9036102e+001  1.1077613e+000  4.5242771e-002  6.0000000e+000  9.0000000e+000
  9.7121332e+001  1.0913008e+000  5.0383444e-002  6.0000000e+000  1.0000000e+001
  9.5578601e+001  1.0289233e+000  5.2009732e-002  6.0000000e+000  1.2000000e+001
  9.8399605e+001  1.1797706e+000  4.6845101e-002  6.0000000e+000  1.3000000e+001
  9.8637897e+001  1.0244737e+000  5.1117156e-002  6.0000000e+000  1.5000000e+001
  1.0447047e+002  1.2144024e+000  4.7265163e-002  6.0000000e+000  1.6000000e+001
  9.4707134e+001  1.1073648e+000  5.6374023e-002  6.0000000e+000  1.7000000e+001
  9.6081027e+001  1.0920309e+000  4.6756581e-002  6.0000000e+000  1.8000000e+001
  1.0047813e+002  1.1005151e+000  4.8111133e-002  6.0000000e+000  2.0000000e+001
  9.7277079e+001  1.0748623e+000  4.4719682e-002  6.0000000e+000  2.1000000e+001
  9.3929791e+001  1.0847547e+000  4.9260815e-002  6.0000000e+000  2.2000000e+001
  9.7941173e+001  1.1856013e+000  5.3388963e-002  6.0000000e+000  2.3000000e+001
  9.4235661e+001  1.1364694e+000  4.7485586e-002  6.0000000e+000  2.5000000e+001
  9.8908125e+001  1.1290191e+000  5.0560133e-002  6.0000000e+000  2.6000000e+001
  1.0678984e+002  1.0950087e+000  5.0401191e-002  6.0000000e+000  2.9000000e+001
  9.8514198e+001  1.2278591e+000  4.3902925e-002  6.0000000e+000  3.0000000e+001
  9.9086667e+001  1.0051182e+000  3.8412165e-002  6.0000000e+000  3.2000000e+001
  1.0292621e+002  1.0606249e+000  4.0368234e-002  6.0000000e+000  3.3000000e+001
  9.8541707e+001  1.0993391e+000  5.5055676e-002  6.0000000e+000  3.4000000e+001
  9.4182466e+001  1.1163061e+000  5.6140265e-002  6.0000000e+000  3.5000000e+001
  1.0061993e+002  1.0628512e+000  5.3270349e-002  6.0000000e+000  3.6000000e+001
  9.8977384e+001  1.0307725e+000  4.9796648e-002  6.0000000e+000  3.8000000e+001
  1.0097320e+002  1.0146581e+000  5.0601113e-002  6.0000000e+000  3.9000000e+001
  1.1730495e+002  1.1185930e+000  5.0172323e-002  6.0000000e+000  4.0000000e+001
  1.0295023e+002  1.1422688e+000  4.9044860e-002  6.0000000e+000  4.1000000e+001
  9.9722750e+001  1.0208498e+000  6.5782103e-002  6.0000000e+000  4.3000000e+001
  1.0354329e+002  1.2507061e+000  4.6041184e-002  6.0000000e+000  4.4000000e+001
  1.0436523e+002  1.0691108e+000  4.5327135e-002  6.0000000e+000  4.5000000e+001
  1.0419853e+002  1.0547299e+000  4.7245160e-002  6.0000000e+000  4.7000000e+001
  9.6748412e+001  1.0682146e+000  4.4789325e-002  6.0000000e+000  5.1000000e+001
  1.0243264e+002  1.1157629e+000  5.0406395e-002  6.0000000e+000  5.4000000e+001
  9.7196790e+001  1.1292810e+000  4.0103232e-002  6.0000000e+000  5.5000000e+001
  1.0199584e+002  1.0831936e+000  4.9313843e-002  6.0000000e+000  5.7000000e+001
  9.7323146e+001  1.0951154e+000  4.5185846e-002  6.0000000e+000  5.9000000e+001
  9.5034865e+001  1.0942755e+000  5.1898806e-002  6.0000000e+000  6.1000000e+001
