  1.4004905e+002  1.2063308e+000  6.4920806e-002  1.0000000e+000  3.0000000e+000
  1.3296793e+002  1.0835852e+000  6.6636905e-002  1.0000000e+000  8.0000000e+000
  1.3590390e+002  1.1628108e+000  4.7633066e-002  1.0000000e+000  9.0000000e+000
  1.2872558e+002  1.1226263e+000  5.5053831e-002  1.0000000e+000  1.0000000e+001
  1.3028722e+002  1.0530742e+000  5.8041101e-002  1.0000000e+000  1.1000000e+001
  1.3875026e+002  1.1942098e+000  7.5859078e-002  1.0000000e+000  1.3000000e+001
  1.2781295e+002  1.0947230e+000  6.1374710e-002  1.0000000e+000  1.9000000e+001
  1.4166667e+002  1.0510139e+000  6.2107021e-002  1.0000000e+000  2.1000000e+001
  1.3561813e+002  1.1434290e+000  6.8744196e-002  1.0000000e+000  2.2000000e+001
  1.3926382e+002  1.1297178e+000  7.6364593e-002  1.0000000e+000  2.3000000e+001
  1.2421829e+002  1.1658994e+000  5.2289065e-002  1.0000000e+000  2.4000000e+001
  1.4111299e+002  1.1000646e+000  6.3407702e-002  1.0000000e+000  2.6000000e+001
  1.3498331e+002  1.0679762e+000  5.3839911e-002  1.0000000e+000  2.7000000e+001
  1.4232521e+002  1.1016777e+000  6.8357561e-002  1.0000000e+000  3.1000000e+001
  1.3328517e+002  1.0350041e+000  6.6979234e-002  1.0000000e+000  3.4000000e+001
  1.3595305e+002  1.1931614e+000  6.4581298e-002  1.0000000e+000  3.6000000e+001
  1.3169521e+002  1.1012941e+000  7.8583610e-002  1.0000000e+000  3.8000000e+001
  1.3417759e+002  1.0830573e+000  6.9584445e-002  1.0000000e+000  3.9000000e+001
  1.3319425e+002  1.1035792e+000  5.8137244e-002  1.0000000e+000  4.2000000e+001
  1.3572073e+002  1.0514964e+000  5.0269249e-002  1.0000000e+000  4.3000000e+001
  1.3632177e+002  1.0823636e+000  6.0066508e-002  1.0000000e+000  4.5000000e+001
  1.3788686e+002  1.1103142e+000  6.1362450e-002  1.0000000e+000  4.6000000e+001
  1.3280013e+002  1.0461476e+000  6.8460504e-002  1.0000000e+000  4.7000000e+001
  1.3472881e+002  1.0236351e+000  6.9521901e-002  1.0000000e+000  4.8000000e+001
  1.3257516e+002  1.0881763e+000  7.5423693e-002  1.0000000e+000  4.9000000e+001
  1.3284072e+002  1.0529199e+000  5.8911891e-002  1.0000000e+000  5.1000000e+001
  1.3605545e+002  1.1250771e+000  6.0195503e-002  1.0000000e+000  5.5000000e+001
  1.3440241e+002  1.1470078e+000  5.9076808e-002  1.0000000e+000  5.8000000e+001
  1.3856159e+002  1.1677968e+000  6.4499104e-002  1.0000000e+000  6.1000000e+001
  1.2539782e+002  1.1206652e+000  6.3748096e-002  1.0000000e+000  6.2000000e+001
  1.3465794e+002  1.1273542e+000  6.7817012e-002  1.0000000e+000  6.4000000e+001
  1.3142123e+002  1.0757853e+000  7.9378443e-002  1.0000000e+000  6.5000000e+001
  1.3249078e+002  1.0610748e+000  7.3431533e-002  1.0000000e+000  6.6000000e+001
  1.4053900e+002  1.1657486e+000  7.7155460e-002  1.0000000e+000  6.9000000e+001
  1.3017718e+002  1.1897426e+000  4.8130436e-002  1.0000000e+000  7.0000000e+001
  1.4271084e+002  1.0363109e+000  6.2985811e-002  2.0000000e+000  1.0000000e+000
  1.3462550e+002  1.1800378e+000  7.8579103e-002  2.0000000e+000  2.0000000e+000
  1.2498189e+002  1.1703686e+000  7.5727136e-002  2.0000000e+000  6.0000000e+000
  1.3674919e+002  1.1591841e+000  7.3492650e-002  2.0000000e+000  8.0000000e+000
  1.4064231e+002  1.0761387e+000  7.0017193e-002  2.0000000e+000  1.0000000e+001
  1.3010216e+002  1.1272833e+000  5.7319341e-002  2.0000000e+000  1.1000000e+001
  1.3641319e+002  1.1855302e+000  5.8083172e-002  2.0000000e+000  1.3000000e+001
  1.3863966e+002  1.0304442e+000  6.7103252e-002  2.0000000e+000  1.4000000e+001
  1.4271495e+002  1.0525186e+000  6.0735646e-002  2.0000000e+000  1.5000000e+001
  1.4164507e+002  1.1728101e+000  7.8319483e-002  2.0000000e+000  1.6000000e+001
  1.4220395e+002  1.1381545e+000  5.5967213e-002  2.0000000e+000  1.7000000e+001
  1.4118406e+002  1.0295228e+000  4.5994039e-002  2.0000000e+000  2.0000000e+001
  1.3897228e+002  1.1077736e+000  6.7865734e-002  2.0000000e+000  2.1000000e+001
  1.4336597e+002  1.0442122e+000  7.2173104e-002  2.0000000e+000  2.2000000e+001
  1.3331557e+002  1.1268530e+000  5.6834963e-002  2.0000000e+000  2.3000000e+001
  1.3583374e+002  1.1239632e+000  6.7336493e-002  2.0000000e+000  2.7000000e+001
  1.4579481e+002  1.1037361e+000  5.8218082e-002  2.0000000e+000  2.8000000e+001
  1.3783876e+002  1.1139780e+000  6.1804496e-002  2.0000000e+000  2.9000000e+001
  1.3939559e+002  1.0893527e+000  6.7786471e-002  2.0000000e+000  3.2000000e+001
  1.3055120e+002  1.1237291e+000  6.5679146e-002  2.0000000e+000  3.4000000e+001
  1.3284697e+002  1.1124866e+000  6.2351740e-002  2.0000000e+000  3.6000000e+001
  1.4002756e+002  1.0948104e+000  6.0848205e-002  2.0000000e+000  3.7000000e+001
  1.4073800e+002  1.0124548e+000  7.3001036e-002  2.0000000e+000  3.9000000e+001
  1.4698235e+002  1.1022484e+000  5.5681088e-002  2.0000000e+000  4.0000000e+001
  1.3283657e+002  1.1126151e+000  6.9245852e-002  2.0000000e+000  4.1000000e+001
  4.7619882e+001  1.2226460e+000  7.1409513e-002  2.0000000e+000  4.6000000e+001
  1.3214258e+002  1.0890333e+000  5.7387436e-002  2.0000000e+000  4.7000000e+001
  1.3561888e+002  1.1701537e+000  7.5749778e-002  2.0000000e+000  4.9000000e+001
  1.4440849e+002  1.0839716e+000  6.4621092e-002  2.0000000e+000  5.0000000e+001
  1.4262774e+002  1.0728974e+000  6.9842984e-002  2.0000000e+000  5.2000000e+001
  1.4437364e+002  1.0834692e+000  6.6537006e-002  3.0000000e+000  2.0000000e+000
  1.4242996e+002  1.1743025e+000  6.0210453e-002  3.0000000e+000  4.0000000e+000
  6.5992012e+001  1.0699332e+000  6.2021589e-002  3.0000000e+000  5.0000000e+000
  1.3798308e+002  1.1659770e+000  5.3761792e-002  3.0000000e+000  6.0000000e+000
  1.3724521e+002  1.1297163e+000  6.8886089e-002  3.0000000e+000  7.0000000e+000
  1.4089465e+002  1.1012064e+000  7.9685587e-002  3.0000000e+000  8.0000000e+000
  1.4769358e+002  1.0337668e+000  5.5166041e-002  3.0000000e+000  1.0000000e+001
  1.4678089e+002  1.1256112e+000  6.9093635e-002  3.0000000e+000  1.1000000e+001
  1.4454558e+002  1.1056592e+000  5.4039708e-002  3.0000000e+000  1.4000000e+001
  4.4928094e+001  1.0902639e+000  5.4300996e-002  3.0000000e+000  1.5000000e+001
  1.4715634e+002  1.0455362e+000  7.5286484e-002  3.0000000e+000  1.6000000e+001
  1.3490286e+002  1.2355477e+000  6.0261447e-002  3.0000000e+000  1.7000000e+001
  1.5087614e+002  1.1001905e+000  6.2308978e-002  3.0000000e+000  2.0000000e+001
  1.3656134e+002  1.1221435e+000  6.5651926e-002  3.0000000e+000  2.3000000e+001
  1.4143803e+002  1.0153302e+000  5.2611500e-002  3.0000000e+000  2.6000000e+001
  1.4593732e+002  1.1071392e+000  6.8936720e-002  3.0000000e+000  2.7000000e+001
  1.3801315e+002  1.0721736e+000  6.8397449e-002  3.0000000e+000  3.0000000e+001
  1.4360368e+002  1.0557411e+000  6.4728173e-002  3.0000000e+000  3.1000000e+001
  1.3266220e+002  1.1234800e+000  7.5628414e-002  3.0000000e+000  3.3000000e+001
  1.4823102e+002  1.1552100e+000  5.1023634e-002  3.0000000e+000  3.5000000e+001
  1.2803356e+002  1.0310226e+000  6.7594860e-002  3.0000000e+000  3.7000000e+001
  1.4147647e+002  1.0075627e+000  7.9038065e-002  3.0000000e+000  3.8000000e+001
  1.4167776e+002  1.0569844e+000  6.7472478e-002  3.0000000e+000  3.9000000e+001
  1.3583022e+002  1.1661035e+000  7.7085036e-002  3.0000000e+000  4.0000000e+001
  1.4150752e+002  1.0648457e+000  5.7235515e-002  3.0000000e+000  4.1000000e+001
  1.3760357e+002  1.0741553e+000  6.6591756e-002  3.0000000e+000  4.4000000e+001
  1.4346458e+002  1.1273283e+000  6.0538221e-002  3.0000000e+000  4.5000000e+001
  1.3842950e+002  1.0925290e+000  5.3985338e-002  3.0000000e+000  4.8000000e+001
  1.3787649e+002  1.0491469e+000  7.0968820e-002  3.0000000e+000  5.0000000e+001
  1.4504718e+002  1.0770016e+000  6.1324014e-002  3.0000000e+000  5.1000000e+001
  1.4040296e+002  1.1084725e+000  7.4860321e-002  3.0000000e+000  5.2000000e+001
  1.4790144e+002  1.0804032e+000  7.4745516e-002  3.0000000e+000  5.3000000e+001
  1.3699803e+002  1.1114590e+000  6.6162926e-002  3.0000000e+000  5.9000000e+001
