  1.2178343e+002  1.0888313e+000  5.5172313e-002  1.0000000e+000  2.0000000e+000
  1.2400801e+002  1.0929214e+000  7.9482904e-002  1.0000000e+000  4.0000000e+000
  1.2850316e+002  1.0902555e+000  6.2650374e-002  1.0000000e+000  5.0000000e+000
  1.1795411e+002  1.1609147e+000  6.0345336e-002  1.0000000e+000  7.0000000e+000
  1.2082083e+002  1.0782961e+000  5.7790528e-002  1.0000000e+000  9.0000000e+000
  1.2444382e+002  1.1086422e+000  5.9283424e-002  1.0000000e+000  1.1000000e+001
  1.1819356e+002  1.1069134e+000  6.4595871e-002  1.0000000e+000  1.2000000e+001
  1.3243436e+002  1.1047747e+000  4.3159029e-002  1.0000000e+000  1.5000000e+001
  1.2502310e+002  1.0651057e+000  5.6808241e-002  1.0000000e+000  1.7000000e+001
  1.2680652e+002  1.1569157e+000  7.0695165e-002  1.0000000e+000  1.8000000e+001
  1.3087455e+002  1.0638568e+000  6.3444511e-002  1.0000000e+000  1.9000000e+001
  1.2454024e+002  1.1865669e+000  6.2844838e-002  1.0000000e+000  2.3000000e+001
  1.2509345e+002  1.0164175e+000  7.2049307e-002  1.0000000e+000  2.4000000e+001
  1.2439295e+002  1.0935929e+000  5.7109727e-002  1.0000000e+000  2.5000000e+001
  1.2464631e+002  1.0843464e+000  7.7866150e-002  1.0000000e+000  2.7000000e+001
  1.3018681e+002  1.0613899e+000  5.0689749e-002  1.0000000e+000  2.8000000e+001
  1.2372713e+002  1.0179503e+000  5.9212081e-002  1.0000000e+000  2.9000000e+001
  1.2653517e+002  1.0869395e+000  6.2982940e-002  1.0000000e+000  3.0000000e+001
  1.2325252e+002  1.0706160e+000  6.2836113e-002  1.0000000e+000  3.2000000e+001
  1.2474797e+002  1.0842099e+000  5.1626564e-002  1.0000000e+000  3.3000000e+001
  1.1875851e+002  1.1308745e+000  4.3043030e-002  1.0000000e+000  3.6000000e+001
  1.0768012e+002  1.1364803e+000  5.5594674e-002  1.0000000e+000  3.8000000e+001
  1.1698579e+002  1.0523954e+000  7.3819222e-002  1.0000000e+000  4.0000000e+001
  1.2541610e+002  1.1690937e+000  4.8976126e-002  1.0000000e+000  4.2000000e+001
  1.1512839e+002  1.0238812e+000  7.0548928e-002  1.0000000e+000  5.1000000e+001
  1.2785256e+002  1.0904373e+000  7.8368545e-002  1.0000000e+000  5.2000000e+001
  1.2468967e+002  1.0699557e+000  6.5475327e-002  1.0000000e+000  5.4000000e+001
  1.2141142e+002  1.0835630e+000  6.8565221e-002  1.0000000e+000  5.5000000e+001
  1.1969629e+002  1.0590938e+000  5.0271632e-002  1.0000000e+000  5.6000000e+001
  1.0590481e+002  1.1921110e+000  7.6155168e-002  1.0000000e+000  5.8000000e+001
  5.3579691e+001  1.1766954e+000  6.7471736e-002  2.0000000e+000  1.0000000e+000
  1.2421739e+002  1.1794604e+000  5.4076558e-002  2.0000000e+000  3.0000000e+000
  1.3050084e+002  1.1424307e+000  6.4484703e-002  2.0000000e+000  5.0000000e+000
  1.3060787e+002  1.1316422e+000  6.6400402e-002  2.0000000e+000  6.0000000e+000
  2.8920256e+001  1.0487065e+000  5.4638131e-002  2.0000000e+000  8.0000000e+000
  1.2730101e+002  1.0885611e+000  4.4072502e-002  2.0000000e+000  9.0000000e+000
  1.1700330e+002  1.1639392e+000  7.2828334e-002  2.0000000e+000  1.1000000e+001
  1.1508630e+002  1.0567700e+000  6.8929434e-002  2.0000000e+000  1.2000000e+001
  1.2175514e+002  1.1607576e+000  5.7957957e-002  2.0000000e+000  1.3000000e+001
  1.2497495e+002  1.1010695e+000  7.5104685e-002  2.0000000e+000  1.4000000e+001
  1.2622730e+002  1.1000237e+000  6.8729238e-002  2.0000000e+000  1.5000000e+001
  1.3081213e+002  1.0539713e+000  5.7228335e-002  2.0000000e+000  2.0000000e+001
  1.3090926e+002  1.1570160e+000  5.7835833e-002  2.0000000e+000  2.2000000e+001
  1.2778639e+002  1.1320554e+000  4.7698162e-002  2.0000000e+000  2.3000000e+001
  1.1836329e+002  1.0241575e+000  6.8365245e-002  2.0000000e+000  2.4000000e+001
  1.2647322e+002  1.1201625e+000  5.2035630e-002  2.0000000e+000  2.5000000e+001
  1.3229735e+002  1.1155225e+000  7.0910721e-002  2.0000000e+000  2.7000000e+001
  1.2881971e+002  1.2720551e+000  7.1207903e-002  2.0000000e+000  3.4000000e+001
  1.2788326e+002  1.1832720e+000  5.3168392e-002  2.0000000e+000  3.8000000e+001
  1.3091462e+002  1.1020598e+000  6.9258862e-002  2.0000000e+000  4.0000000e+001
  1.2797085e+002  1.0482317e+000  6.9067926e-002  2.0000000e+000  4.6000000e+001
  1.3180742e+002  1.1323133e+000  7.6844019e-002  2.0000000e+000  5.0000000e+001
  1.0935499e+002  1.2425735e+000  6.3901178e-002  2.0000000e+000  5.1000000e+001
  1.1947004e+002  1.0791009e+000  5.4753251e-002  2.0000000e+000  5.2000000e+001
  1.2960380e+002  1.0913334e+000  7.4296398e-002  3.0000000e+000  1.0000000e+000
  1.3253470e+002  1.0317899e+000  7.2307656e-002  3.0000000e+000  3.0000000e+000
  1.3626592e+002  1.0749335e+000  5.2799636e-002  3.0000000e+000  6.0000000e+000
  1.1729779e+002  1.0455441e+000  7.6859831e-002  3.0000000e+000  1.0000000e+001
  1.1617955e+002  1.1033121e+000  7.2871359e-002  3.0000000e+000  1.3000000e+001
  1.2402308e+002  1.0225277e+000  6.6989982e-002  3.0000000e+000  1.4000000e+001
  1.2422448e+002  1.1561738e+000  6.0615757e-002  3.0000000e+000  1.5000000e+001
  1.2317973e+002  1.0282308e+000  5.6534452e-002  3.0000000e+000  1.7000000e+001
  1.2618463e+002  1.1369096e+000  7.5177231e-002  3.0000000e+000  1.9000000e+001
  1.2569747e+002  1.0328563e+000  6.8752834e-002  3.0000000e+000  2.1000000e+001
  1.3000696e+002  1.0849774e+000  5.9141267e-002  3.0000000e+000  2.2000000e+001
  1.2304479e+002  1.1700048e+000  7.7792959e-002  3.0000000e+000  2.3000000e+001
  1.3094165e+002  1.0854172e+000  5.0200563e-002  3.0000000e+000  2.4000000e+001
  3.3049370e+001  1.1569067e+000  6.9564260e-002  3.0000000e+000  2.6000000e+001
  1.2939116e+002  1.1544362e+000  6.9970911e-002  3.0000000e+000  2.7000000e+001
  3.2015953e+001  1.0332410e+000  5.8840136e-002  3.0000000e+000  2.9000000e+001
  1.3134374e+002  1.1598175e+000  5.9859017e-002  3.0000000e+000  3.1000000e+001
  1.2004786e+002  1.0803592e+000  7.2278920e-002  3.0000000e+000  3.5000000e+001
  1.2840997e+002  1.0190258e+000  6.0543060e-002  3.0000000e+000  3.6000000e+001
  1.3098857e+002  1.1542224e+000  6.1237465e-002  3.0000000e+000  3.8000000e+001
  1.3314508e+002  1.0479143e+000  6.1266159e-002  3.0000000e+000  3.9000000e+001
  1.3289378e+002  1.0183734e+000  5.2841910e-002  3.0000000e+000  4.1000000e+001
  1.3591989e+002  1.0851522e+000  5.4920031e-002  3.0000000e+000  4.2000000e+001
  1.6787371e+002  1.1260582e+000  5.6059011e-002  3.0000000e+000  4.6000000e+001
  1.1906685e+002  1.1898105e+000  7.4258600e-002  3.0000000e+000  4.9000000e+001
  1.2969622e+002  1.0348007e+000  6.8790395e-002  3.0000000e+000  5.0000000e+001
  1.2635918e+002  1.0476009e+000  5.0127780e-002  3.0000000e+000  5.1000000e+001
  1.2936995e+002  1.0602341e+000  7.7828732e-002  3.0000000e+000  5.2000000e+001
  3.2225004e+001  1.1944020e+000  7.3328441e-002  3.0000000e+000  5.3000000e+001
  1.3177311e+002  1.1081174e+000  5.4366864e-002  3.0000000e+000  5.5000000e+001
  1.3370157e+002  1.1001574e+000  6.5392241e-002  3.0000000e+000  5.8000000e+001
  1.3433204e+002  1.1331281e+000  7.2747764e-002  3.0000000e+000  6.0000000e+001
  1.3090280e+002  1.0674933e+000  6.5723115e-002  4.0000000e+000  1.0000000e+000
  1.3278922e+002  1.0628895e+000  6.3898650e-002  4.0000000e+000  7.0000000e+000
  1.2467875e+002  1.1830698e+000  6.7307213e-002  4.0000000e+000  8.0000000e+000
  5.5839193e+001  1.2828042e+000  5.5507664e-002  4.0000000e+000  1.0000000e+001
  1.2772050e+002  1.0872933e+000  6.0208224e-002  4.0000000e+000  1.1000000e+001
  1.2931780e+002  1.2873850e+000  6.7091740e-002  4.0000000e+000  1.2000000e+001
  1.3461430e+002  1.1129986e+000  6.4094414e-002  4.0000000e+000  1.3000000e+001
  1.3417663e+002  1.1754255e+000  7.1677755e-002  4.0000000e+000  1.4000000e+001
  1.2593102e+002  1.2909976e+000  5.6529648e-002  4.0000000e+000  1.5000000e+001
  1.2104970e+002  1.1893117e+000  5.3092825e-002  4.0000000e+000  1.6000000e+001
  1.3291089e+002  1.1244966e+000  5.4163396e-002  4.0000000e+000  1.8000000e+001
  1.3804426e+002  1.1793620e+000  6.3392142e-002  4.0000000e+000  2.0000000e+001
  1.2674374e+002  1.0599121e+000  4.6047483e-002  4.0000000e+000  2.1000000e+001
  1.3630753e+002  1.0940596e+000  6.0051546e-002  4.0000000e+000  2.2000000e+001
  1.3054631e+002  1.0921637e+000  6.8616126e-002  4.0000000e+000  2.3000000e+001
  1.2323606e+002  1.0551778e+000  6.5255559e-002  4.0000000e+000  2.6000000e+001
  3.4457955e+001  1.0794836e+000  6.6404943e-002  4.0000000e+000  2.7000000e+001
  1.3535023e+002  1.1213833e+000  6.9440540e-002  4.0000000e+000  3.0000000e+001
  1.2735188e+002  1.0885695e+000  5.8171268e-002  4.0000000e+000  3.1000000e+001
  1.2531354e+002  1.0929488e+000  6.3453206e-002  4.0000000e+000  3.2000000e+001
  1.3141723e+002  1.1151718e+000  5.8692354e-002  4.0000000e+000  3.3000000e+001
  1.3739477e+002  1.0582396e+000  6.1374866e-002  4.0000000e+000  3.4000000e+001
  1.2148518e+002  1.0571576e+000  7.1911697e-002  4.0000000e+000  3.7000000e+001
  1.2598728e+002  1.0643550e+000  5.0391981e-002  4.0000000e+000  3.9000000e+001
  1.2702484e+002  1.1229069e+000  7.2562371e-002  4.0000000e+000  4.4000000e+001
  1.2607374e+002  1.0967408e+000  5.7718943e-002  4.0000000e+000  4.6000000e+001
  1.3170302e+002  1.2790576e+000  6.9082077e-002  4.0000000e+000  4.7000000e+001
  1.2889129e+002  1.1092817e+000  7.2428522e-002  5.0000000e+000  2.0000000e+000
  1.2472403e+002  1.1308369e+000  6.3376633e-002  5.0000000e+000  5.0000000e+000
  1.2611769e+002  1.0833578e+000  7.2693932e-002  5.0000000e+000  8.0000000e+000
  1.3609432e+002  1.0766467e+000  7.1777918e-002  5.0000000e+000  1.0000000e+001
  1.2348187e+002  1.0755231e+000  6.1378401e-002  5.0000000e+000  1.1000000e+001
  1.2822768e+002  1.1992852e+000  7.8504380e-002  5.0000000e+000  1.9000000e+001
  1.2538452e+002  1.0233109e+000  7.2288928e-002  5.0000000e+000  2.8000000e+001
  1.3060346e+002  1.0635220e+000  5.3803625e-002  5.0000000e+000  2.9000000e+001
  1.2801948e+002  1.0286175e+000  5.5639204e-002  5.0000000e+000  3.1000000e+001
  1.3586583e+002  1.0847058e+000  7.1055003e-002  5.0000000e+000  3.2000000e+001
  3.8817475e+001  1.1856519e+000  6.3626835e-002  5.0000000e+000  3.4000000e+001
  1.2981394e+002  1.0607441e+000  5.1165665e-002  5.0000000e+000  3.5000000e+001
  1.2517045e+002  1.1134184e+000  5.3539836e-002  5.0000000e+000  3.8000000e+001
  1.2734895e+002  1.0932463e+000  7.9749967e-002  5.0000000e+000  3.9000000e+001
  1.2751644e+002  1.0518730e+000  5.7659448e-002  5.0000000e+000  4.2000000e+001
  1.2865607e+002  1.0534023e+000  5.8211545e-002  5.0000000e+000  4.3000000e+001
  1.2675848e+002  1.1342562e+000  5.7959931e-002  5.0000000e+000  4.5000000e+001
  1.2841813e+002  1.1816618e+000  7.9571773e-002  5.0000000e+000  4.9000000e+001
  1.2724787e+002  1.2575644e+000  5.8703457e-002  5.0000000e+000  5.0000000e+001
  1.2794797e+002  1.1253303e+000  5.6065549e-002  5.0000000e+000  5.2000000e+001
  1.2023055e+002  1.0698575e+000  5.7316745e-002  6.0000000e+000  3.0000000e+000
  1.3018331e+002  1.1047681e+000  4.6079064e-002  6.0000000e+000  6.0000000e+000
  1.2899961e+002  1.1041792e+000  5.6269845e-002  6.0000000e+000  8.0000000e+000
  1.2817533e+002  1.1699332e+000  5.5315797e-002  6.0000000e+000  9.0000000e+000
  1.3134984e+002  1.0331416e+000  7.0414846e-002  6.0000000e+000  1.2000000e+001
  1.1883002e+002  1.0971623e+000  5.8434563e-002  6.0000000e+000  1.3000000e+001
  1.2203671e+002  1.1397403e+000  5.6814777e-002  6.0000000e+000  1.5000000e+001
  1.3686373e+002  1.1353545e+000  5.9307261e-002  6.0000000e+000  1.9000000e+001
  1.2595489e+002  1.0940956e+000  6.0603269e-002  6.0000000e+000  2.0000000e+001
  1.2192394e+002  1.0796803e+000  5.8061959e-002  6.0000000e+000  2.1000000e+001
  1.3106444e+002  1.0143657e+000  6.1941173e-002  6.0000000e+000  3.1000000e+001
  5.6650774e+001  1.1525806e+000  7.3848681e-002  6.0000000e+000  3.6000000e+001
  1.3336679e+002  1.0874582e+000  7.2815083e-002  6.0000000e+000  3.8000000e+001
  4.6367338e+001  1.2665837e+000  7.2585253e-002  7.0000000e+000  2.0000000e+000
  1.3192881e+002  1.0514772e+000  4.6954511e-002  7.0000000e+000  8.0000000e+000
  2.2134868e+002  1.1867917e+000  7.7716686e-002  7.0000000e+000  1.2000000e+001
  1.2775007e+002  1.0183076e+000  5.4373712e-002  7.0000000e+000  1.3000000e+001
  1.2804211e+002  1.0812148e+000  5.6817645e-002  7.0000000e+000  1.6000000e+001
  1.4592759e+002  1.0124211e+000  6.7069974e-002  7.0000000e+000  2.1000000e+001
  1.2906511e+002  1.0832273e+000  7.4512014e-002  7.0000000e+000  2.3000000e+001
  1.2572811e+002  1.0447766e+000  6.3013604e-002  7.0000000e+000  2.4000000e+001
  1.3227508e+002  1.1600043e+000  6.4150946e-002  7.0000000e+000  2.6000000e+001
  1.3462572e+002  1.1232990e+000  6.2615311e-002  7.0000000e+000  2.8000000e+001
