  1.3511016e+002  1.2313922e+000  5.1728815e-002  1.0000000e+000  4.0000000e+000
  1.4563597e+002  1.1382067e+000  5.5839514e-002  1.0000000e+000  5.0000000e+000
  1.4024969e+002  1.0578877e+000  7.8608406e-002  1.0000000e+000  7.0000000e+000
  1.4843591e+002  1.0898805e+000  7.2624250e-002  1.0000000e+000  1.0000000e+001
  1.4702017e+002  1.0448078e+000  4.9858405e-002  1.0000000e+000  1.5000000e+001
  1.3845986e+002  1.0553003e+000  6.1691450e-002  1.0000000e+000  1.7000000e+001
  1.4812850e+002  1.0341656e+000  5.9069244e-002  1.0000000e+000  1.8000000e+001
  1.4539403e+002  1.0846267e+000  5.1098051e-002  1.0000000e+000  2.0000000e+001
  2.5254669e+002  1.0775711e+000  7.5846971e-002  1.0000000e+000  2.1000000e+001
  1.3589811e+002  1.1696392e+000  6.7568079e-002  1.0000000e+000  2.2000000e+001
  1.4553998e+002  1.1651504e+000  5.9525508e-002  1.0000000e+000  2.4000000e+001
  1.4110515e+002  1.1486655e+000  6.2441428e-002  1.0000000e+000  2.8000000e+001
  3.1828845e+001  1.1557195e+000  4.9063169e-002  1.0000000e+000  3.0000000e+001
  4.8394608e+002  1.2786253e+000  6.0469750e-002  1.0000000e+000  3.1000000e+001
  1.5654476e+002  1.1668378e+000  6.4970562e-002  1.0000000e+000  3.4000000e+001
  1.4355356e+002  1.0651767e+000  7.2084485e-002  1.0000000e+000  3.5000000e+001
  1.4694534e+002  1.1793160e+000  7.3623766e-002  1.0000000e+000  3.6000000e+001
  1.3946833e+002  1.0444252e+000  5.6016789e-002  1.0000000e+000  3.9000000e+001
  4.4308229e+001  1.1712278e+000  5.2802379e-002  1.0000000e+000  4.0000000e+001
  1.3918872e+002  1.1060159e+000  6.2451869e-002  1.0000000e+000  4.4000000e+001
  1.5416855e+002  1.2365243e+000  5.1003292e-002  1.0000000e+000  4.5000000e+001
  1.5288329e+002  1.0412975e+000  5.3955211e-002  1.0000000e+000  4.6000000e+001
  1.4433767e+002  1.0647187e+000  5.9995726e-002  1.0000000e+000  4.7000000e+001
  1.5152008e+002  1.0549051e+000  6.7939571e-002  1.0000000e+000  4.9000000e+001
  1.4758629e+002  1.0455644e+000  4.7383451e-002  1.0000000e+000  5.4000000e+001
  1.3972112e+002  1.1435792e+000  6.9685356e-002  1.0000000e+000  5.5000000e+001
  1.4450504e+002  1.1612489e+000  6.3929635e-002  1.0000000e+000  5.7000000e+001
  1.4469619e+002  1.0462379e+000  6.3639117e-002  1.0000000e+000  5.8000000e+001
  1.4696036e+002  1.1029738e+000  6.7689337e-002  1.0000000e+000  5.9000000e+001
  1.4172688e+002  1.1281183e+000  5.9176861e-002  1.0000000e+000  6.0000000e+001
  1.4532410e+002  1.1190633e+000  5.9066479e-002  1.0000000e+000  6.7000000e+001
  1.4461506e+002  1.1421327e+000  5.8110054e-002  1.0000000e+000  6.8000000e+001
  4.3856922e+001  1.0626876e+000  6.7819549e-002  1.0000000e+000  7.3000000e+001
  1.5270697e+002  1.0642177e+000  5.4884693e-002  1.0000000e+000  7.4000000e+001
  1.3922822e+002  1.1160427e+000  4.9260197e-002  1.0000000e+000  7.7000000e+001
  1.5063624e+002  1.0533556e+000  7.1273981e-002  2.0000000e+000  4.0000000e+000
  1.4655362e+002  1.0873321e+000  5.5502800e-002  2.0000000e+000  6.0000000e+000
  1.4609581e+002  1.2686234e+000  6.5376795e-002  2.0000000e+000  8.0000000e+000
  1.3087411e+002  1.1511150e+000  5.9512195e-002  2.0000000e+000  1.0000000e+001
  1.4369966e+002  1.1001322e+000  7.4374441e-002  2.0000000e+000  1.2000000e+001
  5.0212831e+001  1.1361676e+000  5.9831044e-002  2.0000000e+000  1.3000000e+001
  1.4464263e+002  1.0804863e+000  6.4787523e-002  2.0000000e+000  1.4000000e+001
  1.5215748e+002  1.0048346e+000  5.2192568e-002  2.0000000e+000  1.7000000e+001
  1.4631606e+002  1.1051370e+000  6.0547757e-002  2.0000000e+000  2.0000000e+001
  1.4398357e+002  1.1002226e+000  6.9558190e-002  2.0000000e+000  2.2000000e+001
  1.5389291e+002  1.1061387e+000  5.1349905e-002  2.0000000e+000  2.3000000e+001
  5.6219036e+001  1.1196711e+000  5.6927611e-002  2.0000000e+000  2.4000000e+001
  1.4886635e+002  1.2188815e+000  6.3395015e-002  2.0000000e+000  2.7000000e+001
  1.3651151e+002  1.2213733e+000  6.8290589e-002  2.0000000e+000  2.9000000e+001
  4.4325777e+001  1.0283685e+000  5.4667617e-002  2.0000000e+000  3.0000000e+001
  1.4575184e+002  1.0937124e+000  6.5793054e-002  2.0000000e+000  3.3000000e+001
  1.5851563e+002  1.0795685e+000  6.2913400e-002  2.0000000e+000  3.4000000e+001
  1.5182230e+002  1.0497616e+000  6.3553171e-002  2.0000000e+000  3.5000000e+001
  1.6210229e+002  1.0358670e+000  6.9142996e-002  2.0000000e+000  3.6000000e+001
  1.4441103e+002  1.1235652e+000  4.9675218e-002  2.0000000e+000  4.0000000e+001
  1.5654357e+002  1.2130750e+000  5.7255943e-002  2.0000000e+000  4.1000000e+001
  1.4858614e+002  1.0800834e+000  7.0386885e-002  2.0000000e+000  4.3000000e+001
  3.9891675e+001  1.1514400e+000  6.7698668e-002  2.0000000e+000  4.4000000e+001
  1.4133600e+002  1.1321985e+000  6.2805036e-002  2.0000000e+000  4.5000000e+001
  1.4553112e+002  1.0987200e+000  5.1684970e-002  2.0000000e+000  4.8000000e+001
  1.2870306e+002  1.1847940e+000  6.3172920e-002  2.0000000e+000  5.0000000e+001
  1.5136198e+002  1.0386665e+000  6.1326889e-002  2.0000000e+000  5.2000000e+001
  1.4766424e+002  1.1551496e+000  7.5806489e-002  2.0000000e+000  5.3000000e+001
  1.5026488e+002  1.0641920e+000  6.4251502e-002  2.0000000e+000  5.5000000e+001
  1.4870996e+002  1.0692794e+000  7.7120056e-002  2.0000000e+000  5.7000000e+001
  1.4806618e+002  1.0508801e+000  5.1512243e-002  2.0000000e+000  5.8000000e+001
  1.4988487e+002  1.0550989e+000  6.0102122e-002  3.0000000e+000  1.0000000e+000
  1.5220700e+002  1.1215995e+000  5.7743121e-002  3.0000000e+000  3.0000000e+000
  1.4792187e+002  1.0470704e+000  5.4664330e-002  3.0000000e+000  5.0000000e+000
  1.4750508e+002  1.1114846e+000  7.0322193e-002  3.0000000e+000  1.0000000e+001
  1.5342298e+002  1.0399294e+000  5.7583845e-002  3.0000000e+000  1.1000000e+001
  1.5253009e+002  1.0701537e+000  7.5518799e-002  3.0000000e+000  1.2000000e+001
  1.4284457e+002  1.0788492e+000  7.4804164e-002  3.0000000e+000  1.7000000e+001
  1.5350217e+002  1.0784157e+000  5.5538149e-002  3.0000000e+000  1.8000000e+001
  1.5859944e+002  1.1571187e+000  5.2904525e-002  3.0000000e+000  2.0000000e+001
  1.4538934e+002  1.1223361e+000  6.9498437e-002  3.0000000e+000  2.1000000e+001
  1.4645828e+002  1.0380658e+000  6.6144445e-002  3.0000000e+000  2.3000000e+001
  1.3635135e+002  1.0620960e+000  6.5296739e-002  3.0000000e+000  2.4000000e+001
  1.4500891e+002  1.0208790e+000  7.2462447e-002  3.0000000e+000  2.7000000e+001
  1.4567311e+002  1.0540588e+000  6.2190365e-002  3.0000000e+000  2.8000000e+001
  1.4598663e+002  1.0528697e+000  6.3423012e-002  3.0000000e+000  2.9000000e+001
  1.4720002e+002  1.1267601e+000  7.4750201e-002  3.0000000e+000  3.0000000e+001
  1.4483490e+002  1.0513320e+000  7.9017476e-002  3.0000000e+000  3.1000000e+001
  1.4524202e+002  1.0561557e+000  5.5862386e-002  3.0000000e+000  3.2000000e+001
  1.4452422e+002  1.0670107e+000  6.4197142e-002  3.0000000e+000  3.4000000e+001
  1.5017363e+002  1.0951122e+000  4.7396405e-002  3.0000000e+000  3.5000000e+001
  4.1661660e+001  1.2270728e+000  6.3669234e-002  3.0000000e+000  3.6000000e+001
  1.5394475e+002  1.0747704e+000  5.4938511e-002  3.0000000e+000  3.7000000e+001
  1.4182597e+002  1.1639162e+000  7.0030046e-002  3.0000000e+000  3.8000000e+001
  1.4627210e+002  1.0436712e+000  7.0160449e-002  3.0000000e+000  3.9000000e+001
  1.4231919e+002  1.1467259e+000  6.2139543e-002  3.0000000e+000  4.0000000e+001
  1.4383097e+002  1.0511148e+000  6.6080269e-002  3.0000000e+000  4.4000000e+001
  1.5049398e+002  1.1095222e+000  7.3107067e-002  3.0000000e+000  4.5000000e+001
  1.4656461e+002  1.0608256e+000  6.7877608e-002  3.0000000e+000  4.6000000e+001
  1.4470315e+002  1.0640268e+000  4.8465774e-002  3.0000000e+000  4.8000000e+001
  1.3659492e+002  1.1159836e+000  7.0876141e-002  3.0000000e+000  4.9000000e+001
  1.5152747e+002  1.1040763e+000  6.4185694e-002  3.0000000e+000  5.2000000e+001
  1.4438149e+002  1.0329503e+000  5.8538310e-002  3.0000000e+000  5.3000000e+001
  1.4450542e+002  1.0748238e+000  6.8444957e-002  3.0000000e+000  5.4000000e+001
  1.4632824e+002  1.0372310e+000  6.0225540e-002  3.0000000e+000  5.6000000e+001
  1.4505745e+002  1.1207832e+000  5.8126215e-002  3.0000000e+000  5.8000000e+001
  1.4393536e+002  1.0529152e+000  7.3838608e-002  3.0000000e+000  5.9000000e+001
  1.4686805e+002  1.0856049e+000  7.2846854e-002  3.0000000e+000  6.1000000e+001
  1.4527954e+002  1.0223061e+000  6.7139944e-002  4.0000000e+000  2.0000000e+000
  6.3349691e+001  1.1273504e+000  5.7011159e-002  4.0000000e+000  3.0000000e+000
  1.5595621e+002  1.0603176e+000  6.1212859e-002  4.0000000e+000  5.0000000e+000
  1.5097579e+002  1.2727259e+000  5.9027119e-002  4.0000000e+000  6.0000000e+000
  1.5170669e+002  1.1483710e+000  7.0666904e-002  4.0000000e+000  8.0000000e+000
  1.4770685e+002  1.1360848e+000  5.8091749e-002  4.0000000e+000  9.0000000e+000
  1.5743981e+002  1.0310094e+000  6.1906361e-002  4.0000000e+000  1.0000000e+001
  1.4674160e+002  1.0531148e+000  5.4333087e-002  4.0000000e+000  1.1000000e+001
  1.5413660e+002  1.0793971e+000  5.5568697e-002  4.0000000e+000  1.2000000e+001
  1.4674756e+002  1.0555870e+000  7.1428574e-002  4.0000000e+000  1.3000000e+001
  1.5378969e+002  1.0851020e+000  6.5381677e-002  4.0000000e+000  1.4000000e+001
  1.5227374e+002  1.0984584e+000  7.5818925e-002  4.0000000e+000  1.5000000e+001
  1.4362403e+002  1.0807868e+000  6.9286013e-002  4.0000000e+000  1.6000000e+001
  1.5603854e+002  1.1401740e+000  5.2792616e-002  4.0000000e+000  2.0000000e+001
  1.4910721e+002  1.0456512e+000  6.6025681e-002  4.0000000e+000  2.4000000e+001
  1.5258582e+002  1.0155520e+000  5.2610088e-002  4.0000000e+000  2.5000000e+001
  1.4398322e+002  1.2589431e+000  7.3536308e-002  4.0000000e+000  2.7000000e+001
  1.4428948e+002  1.0684537e+000  5.2997157e-002  4.0000000e+000  2.8000000e+001
  1.5793275e+002  1.1096437e+000  7.5413445e-002  4.0000000e+000  2.9000000e+001
  1.4917757e+002  1.1257994e+000  6.2087615e-002  4.0000000e+000  3.1000000e+001
  1.4850900e+002  1.1035355e+000  5.2306995e-002  4.0000000e+000  3.7000000e+001
  1.4608416e+002  1.0525494e+000  5.9418060e-002  4.0000000e+000  3.8000000e+001
  1.4251841e+002  1.1222758e+000  7.7926657e-002  4.0000000e+000  4.2000000e+001
  1.5491338e+002  1.1145640e+000  5.1707595e-002  5.0000000e+000  3.0000000e+000
  1.4599091e+002  1.1796999e+000  7.6749740e-002  5.0000000e+000  8.0000000e+000
  1.4915001e+002  1.0877327e+000  4.2715347e-002  5.0000000e+000  1.1000000e+001
  1.4473970e+002  1.0512099e+000  7.9417644e-002  5.0000000e+000  1.4000000e+001
  1.5134421e+002  1.0492145e+000  7.0447873e-002  5.0000000e+000  1.6000000e+001
  1.3483039e+002  1.1772786e+000  5.3683164e-002  5.0000000e+000  1.7000000e+001
  1.3044543e+002  1.0445069e+000  5.3391333e-002  5.0000000e+000  2.1000000e+001
  1.4977892e+002  1.1589012e+000  7.7298316e-002  5.0000000e+000  2.3000000e+001
  1.5011977e+002  1.0237463e+000  6.1478685e-002  5.0000000e+000  2.4000000e+001
  1.5110596e+002  1.1066606e+000  7.1239812e-002  5.0000000e+000  2.5000000e+001
  1.4748793e+002  1.0877202e+000  6.1802890e-002  5.0000000e+000  2.6000000e+001
  1.5694859e+002  1.0522280e+000  6.6890283e-002  5.0000000e+000  2.7000000e+001
  1.5225747e+002  1.0386183e+000  5.7022894e-002  5.0000000e+000  2.8000000e+001
  1.5126589e+002  1.0869433e+000  7.0167205e-002  5.0000000e+000  3.0000000e+001
  4.2928705e+001  1.2784259e+000  5.9925878e-002  5.0000000e+000  3.2000000e+001
  1.4851804e+002  1.1251165e+000  5.8107996e-002  5.0000000e+000  3.4000000e+001
  1.5210480e+002  1.0895325e+000  7.2570387e-002  5.0000000e+000  3.8000000e+001
  1.4331158e+002  1.0619582e+000  5.7946102e-002  5.0000000e+000  4.1000000e+001
  1.5014094e+002  1.1700641e+000  6.1718896e-002  5.0000000e+000  4.2000000e+001
  1.4989693e+002  1.0667564e+000  5.9984286e-002  5.0000000e+000  4.4000000e+001
  1.4736733e+002  1.1544746e+000  6.5773289e-002  5.0000000e+000  4.6000000e+001
  1.5032077e+002  1.1517985e+000  5.7371144e-002  5.0000000e+000  4.7000000e+001
  1.5078118e+002  1.0644531e+000  5.5067800e-002  5.0000000e+000  4.9000000e+001
  1.4895637e+002  1.1864486e+000  6.5067024e-002  5.0000000e+000  5.0000000e+001
  1.5705383e+002  1.2574615e+000  7.8097668e-002  6.0000000e+000  2.0000000e+000
  1.4649253e+002  1.0965678e+000  5.8717024e-002  6.0000000e+000  3.0000000e+000
  1.5208339e+002  1.0786313e+000  5.6019563e-002  6.0000000e+000  4.0000000e+000
  1.5395609e+002  1.1035467e+000  6.6047965e-002  6.0000000e+000  5.0000000e+000
  1.5195003e+002  1.0687408e+000  6.9883693e-002  6.0000000e+000  6.0000000e+000
  1.5158052e+002  1.0692070e+000  5.3770268e-002  6.0000000e+000  7.0000000e+000
  1.5617678e+002  1.0935477e+000  5.9705101e-002  6.0000000e+000  8.0000000e+000
  1.5592296e+002  1.1437446e+000  6.4945401e-002  6.0000000e+000  9.0000000e+000
  1.5329063e+002  1.1147500e+000  7.4308579e-002  6.0000000e+000  1.1000000e+001
  1.5202856e+002  1.1171586e+000  5.3673993e-002  6.0000000e+000  1.9000000e+001
  1.4754040e+002  1.0416032e+000  4.8569057e-002  6.0000000e+000  2.0000000e+001
  1.4024688e+002  1.0595714e+000  6.0916717e-002  6.0000000e+000  2.5000000e+001
  1.4702987e+002  1.0591486e+000  4.8887332e-002  6.0000000e+000  2.7000000e+001
  1.5371969e+002  1.1234961e+000  5.7690022e-002  6.0000000e+000  2.9000000e+001
  1.4184830e+002  1.1606399e+000  5.2002883e-002  6.0000000e+000  3.4000000e+001
  1.5384843e+002  1.1408575e+000  6.1763566e-002  6.0000000e+000  3.6000000e+001
  1.4198725e+002  1.1061863e+000  6.0160362e-002  6.0000000e+000  3.7000000e+001
  1.4379480e+002  1.0554815e+000  5.7204874e-002  6.0000000e+000  4.1000000e+001
  1.3542018e+002  1.0564659e+000  6.0787350e-002  6.0000000e+000  4.4000000e+001
  1.6277617e+002  1.0980367e+000  6.7125808e-002  6.0000000e+000  4.5000000e+001
  1.5149237e+002  1.0947248e+000  5.8619832e-002  6.0000000e+000  4.9000000e+001
  1.5182317e+002  1.0615257e+000  7.8053914e-002  6.0000000e+000  5.0000000e+001
  1.4645225e+002  1.1095711e+000  7.4695779e-002  6.0000000e+000  5.1000000e+001
  1.4422876e+002  1.0402854e+000  5.6240728e-002  7.0000000e+000  1.0000000e+000
  1.5658720e+002  1.1119207e+000  5.9274302e-002  7.0000000e+000  2.0000000e+000
  1.4299540e+002  1.1389571e+000  6.9077473e-002  7.0000000e+000  3.0000000e+000
  1.3698392e+002  1.0995272e+000  6.4581689e-002  7.0000000e+000  4.0000000e+000
  1.4960190e+002  1.0984207e+000  6.6212426e-002  7.0000000e+000  8.0000000e+000
  1.5352839e+002  1.0517661e+000  7.0917944e-002  7.0000000e+000  1.1000000e+001
  1.5111662e+002  1.2755920e+000  6.6374386e-002  7.0000000e+000  1.2000000e+001
  1.4906769e+002  1.1517529e+000  5.8401287e-002  7.0000000e+000  2.1000000e+001
  1.5262820e+002  1.0694427e+000  6.0934438e-002  7.0000000e+000  2.4000000e+001
  1.4801702e+002  1.1376314e+000  5.3417831e-002  7.0000000e+000  2.5000000e+001
  1.4466905e+002  1.1253213e+000  5.2313080e-002  7.0000000e+000  2.6000000e+001
  1.4513583e+002  1.0339094e+000  6.7826419e-002  7.0000000e+000  2.8000000e+001
  1.4009198e+002  1.0662404e+000  6.6878569e-002  7.0000000e+000  3.3000000e+001
  1.5158604e+002  1.1536018e+000  6.4897669e-002  7.0000000e+000  3.5000000e+001
  1.3421155e+002  1.1156181e+000  5.8614878e-002  7.0000000e+000  3.6000000e+001
  1.4915985e+002  1.1917839e+000  6.3739017e-002  7.0000000e+000  4.2000000e+001
  1.4354611e+002  1.0826198e+000  6.1582003e-002  7.0000000e+000  4.4000000e+001
  1.5815461e+002  1.2190946e+000  6.8952992e-002  7.0000000e+000  4.5000000e+001
  1.4902546e+002  1.1160303e+000  5.5878724e-002  7.0000000e+000  4.8000000e+001
  1.5659221e+002  1.1054783e+000  6.2796657e-002  8.0000000e+000  4.0000000e+000
  1.5349267e+002  1.0637076e+000  5.8054777e-002  8.0000000e+000  6.0000000e+000
  1.5050825e+002  1.0816168e+000  5.3082875e-002  8.0000000e+000  7.0000000e+000
  1.4814776e+002  1.0531497e+000  6.2238679e-002  8.0000000e+000  8.0000000e+000
  1.4858936e+002  1.1441925e+000  6.2353037e-002  8.0000000e+000  1.1000000e+001
  1.4464987e+002  1.1046251e+000  6.4659748e-002  8.0000000e+000  1.2000000e+001
  1.5653085e+002  1.1180125e+000  6.2904596e-002  8.0000000e+000  1.3000000e+001
  1.5995542e+002  1.1394787e+000  6.4130447e-002  8.0000000e+000  1.5000000e+001
  1.6199002e+002  1.1288006e+000  5.4114154e-002  8.0000000e+000  1.6000000e+001
  1.5610667e+002  1.0377006e+000  4.9480910e-002  8.0000000e+000  1.8000000e+001
  1.4797068e+002  1.0867001e+000  6.4967256e-002  8.0000000e+000  1.9000000e+001
  1.4783917e+002  1.0798693e+000  6.6966406e-002  8.0000000e+000  2.0000000e+001
  1.5443597e+002  1.0343353e+000  7.0790962e-002  8.0000000e+000  2.5000000e+001
  1.5716289e+002  1.1782568e+000  5.3251144e-002  8.0000000e+000  3.0000000e+001
  1.4343052e+002  1.0401792e+000  6.9851514e-002  8.0000000e+000  3.1000000e+001
  1.5025417e+002  1.0102156e+000  6.6421414e-002  8.0000000e+000  3.2000000e+001
  3.1463940e+001  1.0977148e+000  6.3739659e-002  8.0000000e+000  3.4000000e+001
  5.3245145e+001  1.2595367e+000  5.8456893e-002  8.0000000e+000  3.5000000e+001
  1.4833952e+002  1.1742071e+000  7.3954120e-002  8.0000000e+000  3.8000000e+001
