  1.4877239e+002  1.0397115e+000  4.0942008e-002  1.0000000e+000  7.0000000e+000
  1.4352329e+002  1.0596218e+000  5.6292490e-002  1.0000000e+000  8.0000000e+000
  1.5038006e+002  1.0602902e+000  5.5143525e-002  1.0000000e+000  1.8000000e+001
  1.4315632e+002  1.1769023e+000  5.6237530e-002  1.0000000e+000  2.2000000e+001
  1.4694743e+002  1.0505084e+000  4.4634110e-002  1.0000000e+000  2.3000000e+001
  1.4592409e+002  1.0763724e+000  5.6704779e-002  1.0000000e+000  6.0000000e+001
  1.4668543e+002  1.1874034e+000  5.4824373e-002  1.0000000e+000  6.3000000e+001
  1.4287209e+002  1.1241183e+000  5.3896382e-002  1.0000000e+000  7.0000000e+001
  1.4669063e+002  1.1471173e+000  5.9642536e-002  1.0000000e+000  7.2000000e+001
  1.4495598e+002  1.0389372e+000  5.1491714e-002  1.0000000e+000  7.3000000e+001
  4.2835700e+001  1.0464851e+000  4.9367209e-002  2.0000000e+000  1.0000000e+000
  1.5717966e+002  1.1045476e+000  5.8457411e-002  2.0000000e+000  5.0000000e+000
  1.4696802e+002  1.0470993e+000  5.2241097e-002  2.0000000e+000  7.0000000e+000
  1.3637643e+002  1.1376158e+000  5.1685826e-002  2.0000000e+000  1.3000000e+001
  1.4821508e+002  1.0765698e+000  5.7656347e-002  2.0000000e+000  1.5000000e+001
  1.5658005e+002  1.0597063e+000  5.2988136e-002  2.0000000e+000  2.0000000e+001
  1.4030000e+002  1.1120767e+000  5.8868492e-002  2.0000000e+000  3.2000000e+001
  1.5703602e+002  1.0434169e+000  5.6375768e-002  2.0000000e+000  3.5000000e+001
  1.5170999e+002  1.1041188e+000  5.0480019e-002  2.0000000e+000  3.7000000e+001
  1.2218240e+002  1.1028796e+000  5.7148586e-002  2.0000000e+000  3.8000000e+001
  4.9323197e+001  1.2368749e+000  5.2135498e-002  2.0000000e+000  4.0000000e+001
  1.4083676e+002  1.0850879e+000  5.7481830e-002  2.0000000e+000  4.8000000e+001
  1.4501530e+002  1.0706177e+000  5.8865103e-002  2.0000000e+000  5.3000000e+001
  1.4847058e+002  1.0805120e+000  5.4082714e-002  2.0000000e+000  7.0000000e+001
  1.3900047e+002  1.2987252e+000  5.7832297e-002  2.0000000e+000  7.2000000e+001
  1.4147891e+002  1.0597750e+000  4.2129745e-002  2.0000000e+000  7.3000000e+001
  1.4911023e+002  1.1670691e+000  5.7352918e-002  2.0000000e+000  7.7000000e+001
  1.4444975e+002  1.1667309e+000  5.7704520e-002  2.0000000e+000  7.9000000e+001
  1.4590300e+002  1.0831237e+000  4.9739102e-002  2.0000000e+000  8.3000000e+001
  1.3532943e+002  1.0875376e+000  5.9695676e-002  3.0000000e+000  4.0000000e+000
  4.2502743e+001  1.1130440e+000  5.8203468e-002  3.0000000e+000  1.7000000e+001
  1.5150486e+002  1.0075949e+000  5.9828766e-002  3.0000000e+000  1.8000000e+001
  1.1762344e+002  1.1368255e+000  3.6256934e-002  3.0000000e+000  3.2000000e+001
  1.3318583e+002  1.2380942e+000  5.1050231e-002  3.0000000e+000  3.9000000e+001
  1.4516037e+002  1.0923950e+000  5.4444558e-002  3.0000000e+000  4.6000000e+001
  1.4580506e+002  1.0759511e+000  4.8864232e-002  3.0000000e+000  5.5000000e+001
  1.4730174e+002  1.0923368e+000  4.8197282e-002  3.0000000e+000  5.9000000e+001
  1.4190484e+002  1.1082123e+000  5.6542957e-002  4.0000000e+000  6.0000000e+000
  1.4590466e+002  1.0514796e+000  5.6040145e-002  4.0000000e+000  1.5000000e+001
  1.4637020e+002  1.0767305e+000  5.3588980e-002  4.0000000e+000  1.8000000e+001
  1.5200292e+002  1.0421043e+000  5.6961686e-002  4.0000000e+000  1.9000000e+001
  1.5289838e+002  1.1704004e+000  5.7832302e-002  4.0000000e+000  2.7000000e+001
  1.3863769e+002  1.0678364e+000  5.9580404e-002  4.0000000e+000  2.8000000e+001
  6.8240486e+001  1.1604898e+000  5.8262650e-002  4.0000000e+000  3.0000000e+001
  1.4055190e+002  1.1190896e+000  5.8485519e-002  4.0000000e+000  3.8000000e+001
  1.5051647e+002  1.0555645e+000  5.1634101e-002  4.0000000e+000  4.2000000e+001
  1.4484191e+002  1.0477584e+000  5.7045827e-002  4.0000000e+000  4.4000000e+001
  1.4330669e+002  1.0491413e+000  5.2185529e-002  4.0000000e+000  5.0000000e+001
  1.4967705e+002  1.0942820e+000  5.5716649e-002  4.0000000e+000  5.8000000e+001
  1.3838056e+002  1.1033892e+000  5.7517754e-002  4.0000000e+000  6.1000000e+001
  1.4670160e+002  1.0307860e+000  5.3612622e-002  5.0000000e+000  1.5000000e+001
  1.5259283e+002  1.0455530e+000  4.9454254e-002  5.0000000e+000  1.9000000e+001
  1.5270291e+002  1.0594378e+000  5.6575762e-002  5.0000000e+000  2.2000000e+001
  1.4960681e+002  1.0362283e+000  5.9351518e-002  5.0000000e+000  2.8000000e+001
  1.5094567e+002  1.1056640e+000  4.4156378e-002  5.0000000e+000  2.9000000e+001
  1.4133390e+002  1.1080927e+000  5.4855435e-002  5.0000000e+000  3.3000000e+001
  1.5758262e+002  1.1467204e+000  4.8086317e-002  5.0000000e+000  3.4000000e+001
  7.4578633e+001  1.0826194e+000  4.3966628e-002  6.0000000e+000  1.0000000e+000
  1.4081012e+002  1.0891810e+000  5.9503619e-002  6.0000000e+000  2.0000000e+000
  1.5063459e+002  1.0531523e+000  5.8421140e-002  6.0000000e+000  1.0000000e+001
  1.5040903e+002  1.1464947e+000  5.7456009e-002  6.0000000e+000  1.1000000e+001
  5.0118593e+002  1.1814598e+000  5.1561443e-002  6.0000000e+000  1.2000000e+001
  1.4932143e+002  1.0817942e+000  5.0868563e-002  6.0000000e+000  1.5000000e+001
  1.4958580e+002  1.1580114e+000  4.8763425e-002  6.0000000e+000  1.8000000e+001
  1.5631693e+002  1.0456543e+000  5.7703031e-002  6.0000000e+000  2.0000000e+001
  1.5858445e+002  1.0481345e+000  4.9896760e-002  6.0000000e+000  2.5000000e+001
  2.4163956e+001  1.0610405e+000  4.8926103e-002  6.0000000e+000  2.8000000e+001
  1.4661717e+002  1.1079201e+000  5.6611059e-002  6.0000000e+000  3.3000000e+001
  1.6043441e+002  1.1582497e+000  4.7952677e-002  6.0000000e+000  3.4000000e+001
  1.5358595e+002  1.2529344e+000  5.8489212e-002  6.0000000e+000  3.5000000e+001
  1.4881418e+002  1.0522156e+000  4.7061816e-002  6.0000000e+000  4.0000000e+001
  1.6105315e+002  1.0705525e+000  5.2278780e-002  6.0000000e+000  4.1000000e+001
  1.3795888e+002  1.1251831e+000  4.8627223e-002  6.0000000e+000  4.2000000e+001
  1.4619716e+002  1.0661618e+000  5.8355097e-002  6.0000000e+000  4.3000000e+001
  1.5127117e+002  1.1212931e+000  5.6048381e-002  6.0000000e+000  4.7000000e+001
  1.6040333e+002  1.1243209e+000  5.8332528e-002  6.0000000e+000  4.8000000e+001
  1.4321103e+002  1.1434052e+000  4.5338236e-002  6.0000000e+000  5.9000000e+001
  1.4792829e+002  1.1393863e+000  5.9032921e-002  6.0000000e+000  6.6000000e+001
  1.5238510e+002  1.0615825e+000  5.8533816e-002  6.0000000e+000  6.8000000e+001
