  1.2038294e+002  1.0515462e+000  5.2738469e-002  1.0000000e+000  5.0000000e+000
  1.1207327e+002  1.1017577e+000  4.9921283e-002  1.0000000e+000  7.0000000e+000
  1.1427446e+002  1.1302258e+000  5.8494222e-002  1.0000000e+000  9.0000000e+000
  1.1971284e+002  1.1393016e+000  5.6677294e-002  1.0000000e+000  1.2000000e+001
  1.2162383e+002  1.0848092e+000  5.7093787e-002  1.0000000e+000  1.4000000e+001
  1.1604761e+002  1.0812714e+000  5.6472630e-002  1.0000000e+000  1.6000000e+001
  1.1190793e+002  1.0664189e+000  5.8258730e-002  1.0000000e+000  2.2000000e+001
  1.1676083e+002  1.0894758e+000  4.9443685e-002  1.0000000e+000  2.3000000e+001
  1.2612488e+002  1.0202055e+000  5.5100871e-002  1.0000000e+000  3.0000000e+001
  1.2456450e+002  1.1010762e+000  5.9437748e-002  1.0000000e+000  3.3000000e+001
  1.1668329e+002  1.1045869e+000  5.9444524e-002  1.0000000e+000  3.5000000e+001
  1.2100676e+002  1.1740651e+000  5.8499469e-002  1.0000000e+000  3.6000000e+001
  1.2302089e+002  1.0932197e+000  5.0258509e-002  1.0000000e+000  3.9000000e+001
  1.0547475e+002  1.1975921e+000  5.1990117e-002  1.0000000e+000  4.0000000e+001
  1.1293668e+002  1.0445183e+000  4.7910105e-002  1.0000000e+000  4.4000000e+001
  1.2168949e+002  1.0735368e+000  5.2015686e-002  1.0000000e+000  4.9000000e+001
  1.2763597e+002  1.1858036e+000  5.8089241e-002  1.0000000e+000  5.3000000e+001
  1.1752043e+002  1.1734016e+000  5.4919283e-002  1.0000000e+000  6.3000000e+001
  1.2145987e+002  1.0828431e+000  5.9246929e-002  2.0000000e+000  3.0000000e+000
  1.2315067e+002  1.0816385e+000  5.8689169e-002  2.0000000e+000  1.3000000e+001
  1.1760033e+002  1.0784802e+000  5.9668446e-002  2.0000000e+000  1.5000000e+001
  1.2128319e+002  1.0769010e+000  4.9060404e-002  2.0000000e+000  1.9000000e+001
  5.2342621e+002  1.2777688e+000  4.2335425e-002  2.0000000e+000  2.0000000e+001
  1.1339469e+002  1.0811518e+000  4.0335199e-002  2.0000000e+000  3.5000000e+001
  1.5583666e+002  1.1581595e+000  1.8175399e-002  2.0000000e+000  3.7000000e+001
  1.1921442e+002  1.0732302e+000  5.7352819e-002  2.0000000e+000  4.1000000e+001
  1.1529114e+002  1.0251819e+000  5.1588097e-002  2.0000000e+000  4.7000000e+001
  1.1872808e+002  1.0536392e+000  5.6123187e-002  3.0000000e+000  2.0000000e+000
  1.2258476e+002  1.0699097e+000  5.4836706e-002  3.0000000e+000  3.0000000e+000
  1.2073828e+002  1.1585952e+000  5.5867052e-002  3.0000000e+000  1.7000000e+001
  1.1317661e+002  1.2051169e+000  5.7106033e-002  3.0000000e+000  1.8000000e+001
  1.0768534e+002  1.1778211e+000  5.7287643e-002  3.0000000e+000  2.3000000e+001
  1.1373899e+002  1.1735242e+000  4.4845739e-002  3.0000000e+000  2.4000000e+001
  1.1950117e+002  1.0875916e+000  5.7296109e-002  3.0000000e+000  3.8000000e+001
  1.1838710e+002  1.2799051e+000  5.5376461e-002  3.0000000e+000  4.0000000e+001
  1.1967714e+002  1.0819787e+000  3.8016200e-002  3.0000000e+000  4.4000000e+001
  1.1580834e+002  1.1205410e+000  5.3128775e-002  3.0000000e+000  4.6000000e+001
  1.1312157e+002  1.1079439e+000  5.0298712e-002  3.0000000e+000  4.9000000e+001
  1.1959970e+002  1.2231677e+000  5.4196770e-002  3.0000000e+000  5.0000000e+001
  1.1380780e+002  1.1793962e+000  5.3367738e-002  3.0000000e+000  5.1000000e+001
  1.2138863e+002  1.0909422e+000  5.2190994e-002  3.0000000e+000  5.6000000e+001
  1.1628081e+002  1.1558453e+000  5.8148815e-002  3.0000000e+000  5.8000000e+001
  1.2457937e+002  1.0678022e+000  5.6281912e-002  4.0000000e+000  4.0000000e+000
  1.1145364e+002  1.1321766e+000  5.9454518e-002  4.0000000e+000  5.0000000e+000
  1.2482810e+002  1.1518407e+000  5.1208148e-002  4.0000000e+000  1.0000000e+001
  1.1772924e+002  1.1235548e+000  5.9868277e-002  4.0000000e+000  1.3000000e+001
  1.0631464e+002  1.0804909e+000  5.8395683e-002  4.0000000e+000  1.4000000e+001
  1.2619427e+002  1.1392882e+000  5.8358455e-002  4.0000000e+000  1.6000000e+001
  1.2739020e+002  1.1279721e+000  5.7288828e-002  4.0000000e+000  1.7000000e+001
  1.1216793e+002  1.1620587e+000  5.1128926e-002  4.0000000e+000  2.5000000e+001
  1.2192303e+002  1.1489775e+000  5.8074854e-002  4.0000000e+000  2.9000000e+001
  1.2148457e+002  1.0785534e+000  5.8036721e-002  4.0000000e+000  3.3000000e+001
  1.1163195e+002  1.0997914e+000  5.5930290e-002  4.0000000e+000  3.4000000e+001
  1.2826131e+002  1.1303110e+000  5.7830354e-002  4.0000000e+000  3.5000000e+001
  1.1455633e+002  1.0379553e+000  5.4593979e-002  4.0000000e+000  4.9000000e+001
  1.1296780e+002  1.0599221e+000  5.6585849e-002  4.0000000e+000  5.6000000e+001
  1.2039172e+002  1.0654162e+000  5.3616957e-002  4.0000000e+000  6.4000000e+001
  1.2571613e+002  1.1923003e+000  5.1898697e-002  4.0000000e+000  6.5000000e+001
  1.1738544e+002  1.1491700e+000  4.7863039e-002  4.0000000e+000  7.4000000e+001
  1.2311018e+002  1.0837483e+000  5.6289706e-002  5.0000000e+000  1.0000000e+000
  1.2496431e+002  1.1675078e+000  5.9889251e-002  5.0000000e+000  1.7000000e+001
  1.1905576e+002  1.1264615e+000  5.5193857e-002  5.0000000e+000  2.6000000e+001
  1.1977304e+002  1.0968400e+000  5.4588376e-002  5.0000000e+000  3.1000000e+001
  1.1963804e+002  1.0845002e+000  5.6753014e-002  5.0000000e+000  3.2000000e+001
  1.2120060e+002  1.0304323e+000  4.6763095e-002  5.0000000e+000  3.3000000e+001
  1.2298451e+002  1.1899390e+000  4.4741161e-002  5.0000000e+000  4.0000000e+001
  1.2205648e+002  1.0914343e+000  5.6225472e-002  5.0000000e+000  4.9000000e+001
  1.2159002e+002  1.0300285e+000  5.5954133e-002  5.0000000e+000  5.6000000e+001
  1.2362825e+002  1.1122589e+000  5.4964915e-002  5.0000000e+000  5.8000000e+001
  1.1204011e+002  1.1027919e+000  5.8211009e-002  5.0000000e+000  6.1000000e+001
  1.1999725e+002  1.0312483e+000  4.1581379e-002  5.0000000e+000  6.3000000e+001
  1.1893772e+002  1.1567621e+000  5.6586193e-002  6.0000000e+000  3.0000000e+000
  4.8197188e+002  1.2566046e+000  5.5264524e-002  6.0000000e+000  5.0000000e+000
  1.2478302e+002  1.1800503e+000  5.2382917e-002  6.0000000e+000  8.0000000e+000
  1.1650204e+002  1.0620203e+000  5.4206650e-002  6.0000000e+000  1.4000000e+001
  1.1597450e+002  1.0504966e+000  5.9499084e-002  6.0000000e+000  1.8000000e+001
  1.1256912e+002  1.0866747e+000  5.7940095e-002  6.0000000e+000  2.0000000e+001
  1.2550685e+002  1.0757859e+000  5.3248005e-002  6.0000000e+000  2.2000000e+001
  1.2299543e+002  1.1536622e+000  5.7092054e-002  6.0000000e+000  2.6000000e+001
  1.2277912e+002  1.1076215e+000  5.7922522e-002  6.0000000e+000  2.7000000e+001
  1.1993532e+002  1.0508748e+000  4.8341878e-002  6.0000000e+000  4.3000000e+001
  1.2136278e+002  1.1249270e+000  4.8562927e-002  6.0000000e+000  5.3000000e+001
  1.0967706e+002  1.2059803e+000  4.2423222e-002  6.0000000e+000  5.6000000e+001
  1.1919260e+002  1.0537429e+000  5.8721671e-002  6.0000000e+000  5.9000000e+001
  1.1739193e+002  1.0635630e+000  5.6738645e-002  6.0000000e+000  6.1000000e+001
  1.2525722e+002  1.0474223e+000  4.8420914e-002  6.0000000e+000  6.3000000e+001
  5.7168301e+001  1.0630489e+000  5.6318721e-002  6.0000000e+000  6.5000000e+001
  1.2692910e+002  1.1503622e+000  5.9612552e-002  6.0000000e+000  6.8000000e+001
